20399 1072
19121 1118
24599 1120
29677 1137
25747 1181
22453 1191
32377 1269
17411 1278
31453 1371
30283 1391
22927 1393
15997 1401
31109 1424
17411 1446
31301 1506
20591 1514
18103 1559
17411 1566
22537 1673
15043 1783
20651 1814
22649 1848
33457 1853
31627 1897
32383 1903
21793 2107
23437 2317
25061 2350
23173 2475
15043 2575
23173 2579
15037 2693
15997 2769
22691 2822
22649 2940
32383 2951
28177 3073
31333 3235
24133 3239
17977 3289
19121 3518
23437 3829
30059 4036
24221 4094
27913 4275
33457 4505
23711 4582
31109 4592
18727 4977
33373 5283
18727 5445
19121 5526
32383 5543
24097 5545
33419 5792
20591 5906
33419 5924
30337 6101
23173 6219
34297 6273
34169 6360
19121 6494
15037 6725
32639 7056
18607 7093
20399 7144
31333 7195
16573 7391
30059 7492
20381 7986
32789 8200
20381 8202
22453 8295
24161 8570
15043 8703
24133 9071
17977 9601
30283 9611
19507 9713
21793 9727
