17369 10384
28177 10609
18209 10800
20399 10888
30283 10895
24097 11009
24523 11035
24133 11339
28781 11594
23711 11782
31453 11799
22537 11909
17411 12318
31357 13349
15997 13353
33419 13916
22927 14113
28723 14391
24221 14446
31453 14463
31109 14632
25061 15850
34169 17200
27133 17371
32887 17981
28109 18540
24221 19366
22453 19407
30059 20368
17113 21283
25747 22325
25559 26752
23111 27234
25559 27244
32377 28317
16447 28433
31873 31207
31627 31297
23711 31774
25183 33579
15043 34063
20939 34176
31109 34288
33937 35153
31873 35527
28571 36510
34297 38129
19507 38801
24097 39665
28723 43635
32383 43639
20381 47346
19507 47393
23111 48354
31357 48509
24161 48834
18103 48983
24221 49606
30337 52661
31453 53631
31873 54175
20591 55874
33419 56072
28781 65042
17113 65491
32377 66333
34183 66375
27029 66888
24599 69508
32639 72072
27913 75399
17977 75601
27133 79519
29983 79723
31301 80178
15997 80673
24097 80881
32377 83229
18209 84312
23173 86347
24133 88463
31109 93752
20381 93990
32377 94653
24221 95686
