50000000000:M:1:2:258
6546453120645 2
6546453120645 3
6546453120645 8
6546453120645 11
6546453120645 32
6546453120645 50
6546453120645 59
6546453120645 72
6546453120645 75
6546453120645 108
6546453120645 120
6546453120645 165
6546453120645 227
6546453120645 245
6546453120645 288
6546453120645 1169
6546453120645 1173
6546453120645 1221
6546453120645 2123
6546453120645 2318
6546453120645 2718
6546453120645 4676
6546453120645 5138
6546453120645 5498
6546453120645 8253
6546453120645 8516
6546453120645 9143
