1000000000:M:1:2:258
17179515 2
17179515 3
16545165 4
17179515 4
17179515 5
17179515 6
17179515 7
17179515 8
16545165 11
17179515 12
17179515 15
16545165 16
16545165 17
17179515 17
16545165 18
17179515 21
16545165 22
17179515 28
17179515 31
17179515 37
16545165 39
16545165 42
16545165 43
16545165 44
17179515 48
16545165 51
16545165 62
16545165 64
17179515 64
16545165 71
16545165 78
17179515 79
16545165 81
16545165 83
16545165 88
16545165 112
17179515 116
16545165 117
17179515 118
16545165 134
17179515 163
17179515 166
16545165 169
16545165 184
16545165 194
16545165 199
17179515 206
17179515 209
17179515 229
17179515 233
16545165 234
17179515 242
17179515 255
17179515 276
17179515 292
17179515 344
17179515 387
16545165 410
17179515 432
17179515 444
16545165 468
17179515 523
16545165 580
17179515 636
16545165 658
17179515 761
17179515 802
16545165 848
16545165 880
16545165 930
16545165 968
16545165 1091
16545165 1096
16545165 1131
17179515 1246
17179515 1256
17179515 1352
16545165 1361
17179515 1464
16545165 1839
16545165 1850
16545165 1872
17179515 1917
16545165 2076
17179515 2406
17179515 2527
16545165 2547
17179515 2551
17179515 2689
17179515 2778
16545165 2951
16545165 2982
16545165 3071
17179515 3238
16545165 3243
16545165 3382
17179515 3404
17179515 3506
16545165 3864
16545165 3919
16545165 3998
17179515 4021
17179515 4767
17179515 5047
16545165 5094
16545165 5256
17179515 5264
16545165 5458
16545165 5570
16545165 5680
17179515 5708
16545165 5967
16545165 7009
17179515 7741
17179515 7999
16545165 8551
17179515 8645
17179515 9089
16545165 9341
16545165 9418
17179515 9735
