1000000000:M:1:2:258
1195203 3
1268979 3
1268979 4
1268979 5
1183953 7
1268979 11
1195203 12
1183953 19
1268979 19
1467763 19
1268979 20
1195203 22
1183953 23
1467763 23
1183953 32
1268979 35
1467763 39
1268979 43
1183953 44
1268979 53
1268979 60
1268979 63
1268979 64
1268979 69
1268979 73
1195203 79
1268979 85
1467763 91
1268979 123
1195203 150
1268979 152
1195203 163
1195203 186
1268979 189
1183953 191
1183953 196
1268979 249
1195203 258
1195203 319
1183953 338
1195203 343
1195203 355
1467763 359
1195203 435
1183953 458
1183953 503
1467763 503
1195203 522
1183953 532
1183953 539
1467763 563
1268979 605
1268979 616
1467763 703
1195203 850
1268979 976
1268979 1455
1467763 1459
1467763 1539
1467763 1767
1268979 1845
1268979 1883
1183953 1931
1268979 1931
1183953 2072
1268979 2112
1195203 2115
1268979 2195
1268979 2259
1268979 2513
1268979 2685
1183953 2783
1268979 2951
1195203 2970
1195203 2982
1183953 3074
1268979 3253
1268979 3284
1268979 3385
1268979 3536
1195203 3787
1268979 4171
1268979 4355
1195203 5751
1268979 7280
1268979 7453
1268979 7981
1467763 9383
1183953 9439
1268979 9711
