148957 2045
103357 2061
158883 2070
167381 2070
117659 2084
186635 2102
188437 2109
138461 2110
195643 2111
163447 2133
115411 2143
180119 2148
121949 2160
158783 2176
160901 2190
126701 2234
120919 2245
115679 2276
103303 2291
191621 2298
162101 2310
107269 2321
120779 2336
199327 2365
196859 2376
115649 2380
156283 2387
125141 2434
117877 2445
156697 2473
196271 2526
142451 2554
162101 2562
149111 2594
127747 2597
120919 2617
141523 2639
149291 2662
107741 2718
150817 2781
145181 2818
145931 2830
162551 2870
158783 2896
179467 2905
191309 2908
191621 2914
158883 2919
192667 2921
163447 2925
103573 2971
121949 2976
