126911 506
189731 510
107489 512
166783 515
138317 516
109537 517
162401 518
188953 519
156097 521
168821 522
131531 526
166475 526
111973 527
174641 530
164413 531
150179 532
178739 532
147025 533
147127 533
111269 536
178229 540
169829 544
106207 561
170683 567
125501 574
191591 574
101429 576
112429 585
154447 585
189911 586
125609 592
195629 592
196867 593
106327 597
156349 597
198711 597
154477 601
165007 601
165337 605
145841 610
172243 611
145079 612
109349 616
117433 619
154447 621
174641 622
162121 623
168719 624
128233 627
109747 629
129341 630
164291 634
149683 639
156349 645
124931 646
176173 651
166769 656
106207 657
109537 661
112471 661
177217 669
124181 670
111179 672
137549 672
169229 672
129487 677
105779 684
138959 684
102761 686
145841 686
140309 692
173219 692
131531 694
178507 697
106873 699
116009 700
146789 700
122203 707
171959 708
165647 710
131683 711
180793 711
162121 719
101429 720
173471 722
198371 722
172379 728
167407 729
182231 730
198203 742
198643 743
116009 748
190529 748
175991 750
158839 751
135427 753
189911 754
166133 756
150763 759
145499 768
165779 768
179051 774
140969 784
109747 785
133859 788
157259 788
190217 788
112627 797
182531 798
101353 803
107489 804
152741 806
111179 808
112529 812
108037 813
144943 815
189731 818
189911 818
146923 819
127009 821
173651 822
140309 824
112429 825
172481 826
132073 827
134579 828
181799 828
184871 830
166133 832
160717 837
182531 838
131683 843
127009 845
123637 849
106813 851
105299 852
163439 852
178507 853
108311 858
198711 858
157357 861
182317 861
118477 865
127009 865
115901 874
157417 877
116533 879
163901 882
158347 885
160421 886
165281 890
168491 890
156809 900
199049 900
126161 906
184109 912
156349 915
122561 918
175927 921
177097 921
178507 921
185833 923
171479 924
162247 929
157469 936
109747 937
105299 940
115739 940
182531 942
103601 950
107489 956
173219 956
123229 961
196867 973
148087 985
164831 990
169031 990
177883 991
191395 997
