186457 201
192607 201
139511 202
174611 202
134023 203
101819 204
182009 204
193769 204
103777 205
138727 205
160327 205
165487 205
166567 205
168751 205
180787 205
103065 206
113471 206
150701 206
157331 206
169571 206
185501 206
144139 207
188233 207
148709 208
138447 209
148207 209
171427 209
192907 209
185033 210
155443 211
156793 211
177793 211
190093 211
175169 212
188639 212
190859 212
139285 213
152737 213
109601 214
129131 214
131297 214
131717 214
161981 214
163991 214
183737 214
103363 215
112813 215
122809 215
135031 215
146773 215
155173 215
169369 215
177793 215
187843 215
106255 217
113137 217
162157 217
173857 217
175771 217
176689 217
109093 219
130855 219
139873 219
198403 219
155219 220
193769 220
103237 221
122545 221
126211 221
152335 221
159037 221
159367 221
180787 221
118661 222
151211 222
127359 223
173203 223
183343 223
133613 224
158309 224
113137 225
154117 225
166777 225
168457 225
139511 226
161351 226
173391 226
139285 227
149353 227
162343 227
141839 228
161879 228
165479 228
117727 229
123427 229
135967 229
159427 229
164467 229
124693 231
144583 231
159373 231
162343 231
174073 231
140729 232
168239 232
184087 233
127721 234
130307 234
156761 234
124619 236
143069 236
117787 237
119767 237
186295 237
127721 238
176051 238
196601 238
112603 239
119203 239
129973 239
188713 239
109883 240
149429 240
106927 241
138447 241
183997 241
136613 242
159671 242
183023 242
129733 243
173623 243
174073 243
187063 243
122537 244
128759 244
144127 245
180787 245
101741 246
105161 246
123881 246
174551 246
134893 247
171433 247
198403 247
134551 249
160211 250
186131 250
105283 251
136375 251
193723 251
195133 251
114299 252
131297 252
156419 252
191489 252
104557 253
168457 253
173137 253
173857 253
114521 254
149681 254
134593 255
156763 255
168193 255
140729 256
159037 257
164347 257
198787 257
103211 258
131297 258
135041 258
182743 259
185353 259
198103 259
110249 260
130657 261
140017 261
140557 261
165487 261
159373 263
122735 264
130307 264
150959 264
102637 265
127447 265
144559 265
160327 265
190867 265
193481 266
150673 267
127359 268
155219 268
161849 268
195599 268
195809 268
124009 269
140017 269
172117 269
153773 270
192131 270
122803 271
125413 271
198403 271
114239 272
124619 272
114307 273
171427 273
119531 274
121001 274
162251 274
186131 274
124153 275
163423 275
128249 276
193769 276
103237 277
113017 277
138107 278
150701 278
178871 278
111163 279
174889 281
122803 283
134661 283
163633 283
180359 284
183569 284
188767 285
190747 285
187031 286
135031 287
169513 287
173653 287
185893 287
107099 288
182009 288
184739 288
197999 288
106927 289
159217 289
172915 289
119447 290
146773 291
141989 292
148289 292
109601 294
191501 294
107563 295
108193 295
127303 295
190933 295
100979 296
164189 296
105991 297
148537 297
141461 298
163991 298
176051 298
188897 298
113443 299
198391 299
158603 300
113137 301
149977 301
181571 302
115273 303
107099 304
149429 304
151597 305
184087 305
192907 305
112781 306
121571 306
178871 306
133723 307
155143 307
107519 308
153059 308
145897 309
186295 309
109691 310
191501 310
112603 311
139873 311
152863 311
112289 312
126935 312
142799 312
193379 312
109357 313
116417 314
158603 314
140653 315
171133 315
118567 317
143137 317
169369 317
174157 317
149123 318
148723 319
164383 319
177403 319
180013 319
122399 320
138107 320
102157 321
103135 323
127303 323
149353 323
153343 323
173083 323
112019 324
144569 324
153059 324
169679 324
164021 326
124009 327
138385 327
175499 328
107227 329
138447 329
140347 329
148537 329
178837 329
119531 330
175751 330
112933 331
118513 331
140233 331
148979 332
104557 333
107377 333
122201 334
136613 334
168401 334
191501 334
170773 335
171133 335
110249 336
134819 336
152429 336
193535 336
197999 336
121181 338
191531 338
171433 339
132839 340
132847 341
144229 341
186397 341
107129 344
111539 344
131639 344
143609 344
179519 344
186299 344
116097 345
148537 345
149977 345
120629 348
153239 348
157829 348
123427 349
158351 350
191531 350
118813 351
180823 351
148919 352
192779 352
154957 353
157717 353
168757 353
195787 353
178691 354
188381 354
198883 355
153773 356
194489 356
111967 357
168457 357
188897 358
144229 359
147223 359
155173 359
170083 359
120809 360
134039 360
119377 361
135967 361
165637 361
144559 363
165763 363
173623 363
124619 364
174889 365
198787 365
137741 366
153343 367
188203 367
138487 369
151597 369
173287 369
171551 370
137383 371
172139 372
106255 373
109357 373
127177 373
173287 373
136613 374
102253 375
124009 375
114299 376
124979 376
140729 376
167609 376
178841 378
187031 378
113443 379
119323 379
109883 380
148709 380
148657 381
181571 382
182831 382
154783 383
165763 383
113759 384
174419 384
175499 384
144139 385
166961 386
182375 386
144139 387
159403 387
195043 387
163949 388
136375 389
101021 390
182627 390
103065 392
116097 393
159131 394
112813 395
149143 395
156763 395
182473 395
184111 395
127199 396
166409 396
106255 397
106897 397
175027 397
150701 398
176951 398
191531 398
196601 398
153193 399
116369 400
174419 400
154331 402
138283 403
148723 403
170563 403
181897 405
103271 406
150701 406
107143 407
180823 407
184813 407
123419 408
119377 409
161351 410
148657 413
151421 414
127303 415
163213 415
136679 416
167609 416
111967 417
141397 417
102881 418
140951 418
174611 418
108973 419
113443 419
144253 419
146773 419
152443 419
188623 419
101525 420
116417 420
188441 422
140233 423
161683 423
152063 424
112781 426
114701 426
116417 426
178871 426
153379 427
130855 429
122201 430
125981 430
186131 430
127199 432
159149 432
125287 433
126547 433
148345 433
171481 435
185863 435
102149 436
130307 436
124745 442
176051 442
176591 442
176951 442
193103 442
118513 443
194125 443
127229 444
180359 444
192607 445
119141 446
169571 446
182831 446
140729 448
152489 448
112327 449
134661 450
191531 450
148345 451
170083 455
146249 456
153509 456
161009 456
185129 456
190859 456
144139 457
119141 458
162911 458
161263 459
168239 460
173137 461
124693 463
155443 463
173391 463
146249 464
132997 465
163267 465
103135 467
103363 467
127303 467
145933 467
130307 468
153059 468
102157 469
131717 470
162179 472
168239 472
162911 474
144559 475
175393 475
183823 475
120809 476
173429 476
111343 479
174283 479
188713 479
103147 481
133613 482
150893 482
150673 483
140017 485
107099 488
124745 488
153059 488
153479 488
182375 488
103135 489
143887 489
140951 490
161351 490
171551 490
105283 491
113137 493
183997 493
108371 494
111191 494
177563 494
159337 497
190867 497
174611 498
108193 499
124153 499
135031 499
160123 499
