37992131:P:1:2:1
134261 1006
193541 1006
138335 1018
102491 1022
143789 1032
112961 1038
182323 1039
148091 1042
196423 1055
167339 1056
137923 1059
142573 1071
186239 1088
180667 1089
111283 1091
168673 1091
161407 1093
170531 1098
137827 1113
180161 1114
138209 1120
119069 1124
141577 1125
112963 1127
129539 1128
181303 1135
197411 1142
192149 1148
169567 1157
169657 1157
144097 1161
180221 1170
174553 1171
107351 1174
161583 1176
133799 1180
191921 1182
139439 1184
187417 1197
124271 1202
125159 1204
122047 1213
193847 1214
111025 1223
125159 1232
145243 1239
181057 1245
180161 1254
174689 1260
121739 1276
182219 1276
191339 1292
131037 1305
133301 1306
196541 1306
170857 1309
157589 1320
117791 1338
181303 1399
182219 1404
191921 1410
171943 1411
191951 1434
125849 1436
198479 1448
198479 1456
173041 1463
198217 1485
120611 1486
117791 1494
152999 1496
139931 1498
181169 1516
106889 1524
133799 1528
108839 1548
124919 1560
182219 1564
191759 1568
158173 1579
154777 1581
169657 1581
167519 1588
183791 1594
198217 1625
105373 1627
187679 1632
137923 1635
144401 1642
167143 1647
125459 1656
122113 1675
192149 1676
175679 1692
196423 1695
126193 1707
199153 1727
198853 1739
199153 1751
119593 1775
103769 1804
153757 1813
187469 1824
172601 1882
183791 1890
169567 1925
192677 1926
150203 1938
191339 1940
144097 1941
124271 1962
142045 1975
182323 1975
177913 1991
193169 2000
