138457 101
153007 101
178147 101
194557 101
102041 102
117551 102
121431 102
122093 102
127187 102
128141 102
134171 102
144071 102
145121 102
145571 102
146045 102
146381 102
156473 102
156875 102
156881 102
161291 102
173771 102
175235 102
178481 102
179441 102
185381 102
102313 103
116833 103
117043 103
125713 103
138223 103
148849 103
153763 103
155461 103
156403 103
166609 103
166615 103
175429 103
182113 103
198823 103
103529 104
104129 104
105179 104
106979 104
122909 104
128279 104
129029 104
142979 104
144089 104
148079 104
155939 104
163619 104
166037 104
178499 104
181229 104
182039 104
185753 104
190139 104
107287 105
109237 105
111199 105
119167 105
130687 105
137737 105
144757 105
161179 105
161191 105
165367 105
174367 105
177607 105
119057 106
119261 106
123341 106
126443 106
126617 106
139721 106
144101 106
150131 106
165461 106
167981 106
183401 106
184583 106
197051 106
115063 107
118633 107
128941 107
136063 107
145573 107
155461 107
158299 107
172171 107
177703 107
184243 107
120089 108
135749 108
143357 108
152459 108
171209 108
173609 108
179459 108
198359 108
107287 109
116251 109
119167 109
120031 109
123901 109
134647 109
136927 109
160897 109
195037 109
112403 110
130061 110
146045 110
155351 110
159695 110
161417 110
100873 111
120031 111
127753 111
130111 111
143383 111
157945 111
158983 111
161443 111
163453 111
166609 111
172993 111
178509 111
187693 111
189373 111
194473 111
195403 111
109139 112
115109 112
119057 112
127829 112
149477 112
151919 112
153869 112
159449 112
159629 112
160659 112
192725 112
119257 113
123187 113
141037 113
171511 113
186277 113
186709 113
189337 113
191815 113
116471 114
118253 114
122621 114
127397 114
132701 114
134897 114
137771 114
142121 114
145301 114
161417 114
164411 114
174881 114
175331 114
183131 114
185175 114
188471 114
191111 114
102031 115
108649 115
120073 115
120871 115
130111 115
134653 115
134863 115
152545 115
154093 115
154243 115
163753 115
167743 115
172993 115
189433 115
118205 116
143039 116
171059 116
172919 116
184349 116
103387 117
109237 117
115507 117
126517 117
131317 117
144307 117
152917 117
187957 117
109541 118
119351 118
119771 118
128465 118
138011 118
139541 118
160253 118
160391 118
163031 118
165671 118
177761 118
178943 118
181001 118
188471 118
103069 119
131359 119
141313 119
142423 119
165253 119
172609 119
174853 119
185203 119
190573 119
102209 120
103007 120
108059 120
108917 120
112049 120
115049 120
119795 120
122969 120
149477 120
152519 120
176735 120
182039 120
185399 120
197369 120
107941 121
129397 121
130177 121
131197 121
133495 121
187507 121
188167 121
194707 121
199597 121
199837 121
119501 122
149825 122
155351 122
157571 122
158141 122
158507 122
159695 122
188651 122
195221 122
123643 123
157033 123
159763 123
160153 123
168733 123
169123 123
173833 123
176143 123
183283 123
192789 123
192805 123
106979 124
107339 124
132029 124
134177 124
150359 124
160967 124
161015 124
172679 124
187409 124
134887 125
135397 125
137845 125
151207 125
167017 125
179257 125
182701 125
188947 125
109541 126
110981 126
128921 126
162581 126
163151 126
163601 126
168551 126
174881 126
178397 126
178721 126
180065 126
180431 126
198251 126
114373 127
124603 127
138493 127
151333 127
151831 127
105059 128
113009 128
119999 128
124289 128
126869 128
127349 128
144239 128
145349 128
150899 128
164699 128
166919 128
167549 128
172289 128
177329 128
180029 128
109207 129
128137 129
128347 129
144961 129
156007 129
167317 129
172237 129
196177 129
104231 130
118721 130
127451 130
142931 130
167981 130
179321 130
181841 130
182807 130
186851 130
192977 130
194321 130
195221 130
107293 131
113005 131
118213 131
123193 131
128941 131
152503 131
156181 131
157723 131
160153 131
167443 131
174259 131
187453 131
188719 131
189043 131
100739 132
119249 132
126527 132
131219 132
136769 132
149825 132
155915 132
178509 132
181229 132
189179 132
103867 133
120871 133
139849 133
140107 133
141037 133
149407 133
151117 133
155095 133
166609 133
181777 133
108881 134
119351 134
128465 134
173291 134
117043 135
131173 135
136273 135
141313 135
148033 135
173833 135
187243 135
188653 135
111329 136
141353 136
143999 136
153779 136
158369 136
164219 136
166973 136
107941 137
115447 137
115987 137
121927 137
159757 137
162919 137
168475 137
172171 137
182935 137
193387 137
102611 138
118115 138
128141 138
137771 138
149825 138
155915 138
165461 138
166331 138
179441 138
102031 139
120043 139
125581 139
127513 139
145573 139
148045 139
149653 139
150061 139
153733 139
161443 139
167443 139
169543 139
188719 139
192979 139
195301 139
105659 140
115109 140
119795 140
130799 140
134177 140
134369 140
147099 140
153035 140
154883 140
171209 140
186479 140
186719 140
192917 140
100741 141
118417 141
134887 141
151405 141
164287 141
165967 141
185175 141
196177 141
130061 142
132341 142
178943 142
191453 142
106723 143
119473 143
131173 143
141613 143
149173 143
153763 143
159883 143
167443 143
169123 143
172171 143
194629 143
100727 144
112049 144
122909 144
129029 144
138329 144
144239 144
151979 144
160659 144
173099 144
177389 144
179129 144
126517 145
135187 145
137737 145
139849 145
143767 145
152545 145
157627 145
193387 145
194707 145
102611 146
105953 146
112691 146
122081 146
127691 146
123283 147
138493 147
156193 147
158983 147
162523 147
169813 147
184993 147
187243 147
193093 147
150899 148
160253 148
165797 148
176249 148
177359 148
192789 148
193019 148
151207 149
156535 149
172171 149
143357 150
149477 150
164471 150
173771 150
104833 151
120043 151
122173 151
131173 151
132751 151
136033 151
196723 151
103079 152
119963 152
144659 152
148079 152
158507 152
161015 152
184559 152
107797 153
108607 153
109207 153
131197 153
140047 153
144307 153
153607 153
155095 153
157537 153
167437 153
188737 153
192805 153
157181 154
166973 154
167981 154
186851 154
193811 154
106723 155
113173 155
120709 155
121093 155
122623 155
126253 155
130603 155
134473 155
137743 155
144961 155
151813 155
156163 155
161185 155
168733 155
182773 155
196753 155
197413 155
102617 156
108059 156
112049 156
113369 156
118205 156
122189 156
130799 156
142979 156
143999 156
149669 156
189569 156
190199 156
109867 157
125581 157
126217 157
161377 157
176857 157
182701 157
199267 157
108917 158
110141 158
120431 158
123737 158
137171 158
140591 158
179441 158
182381 158
134473 159
138493 159
139849 159
141343 159
149923 159
162523 159
105659 160
108059 160
126443 160
142829 160
143999 160
171209 160
176339 160
189569 160
100741 161
128341 161
152545 161
167287 161
167647 161
197257 161
102041 162
126851 162
132701 162
149825 162
156881 162
163601 162
167981 162
178721 162
195953 162
199775 162
110125 163
116251 163
123193 163
128143 163
142423 163
148093 163
154093 163
155683 163
157543 163
174133 163
177133 163
190423 163
103559 164
109799 164
114989 164
119039 164
123359 164
159107 164
180779 164
190139 164
138547 165
145597 165
156817 165
164287 165
167437 165
189277 165
105953 166
112691 166
121991 166
124847 166
151517 166
185381 166
185411 166
104593 167
107503 167
120943 167
148243 167
149173 167
168475 167
168733 167
109829 168
142769 168
143357 168
145709 168
164549 168
171059 168
184193 168
186653 168
102697 169
103417 169
140887 169
141037 169
148849 169
152587 169
161191 169
143951 170
146171 170
146381 170
148565 170
153035 170
153101 170
159695 170
162611 170
179201 170
195401 170
199991 170
108721 171
129481 171
148273 171
154243 171
195403 171
100739 172
107369 172
127829 172
142829 172
145139 172
177179 172
181769 172
186899 172
190469 172
147111 173
151327 173
164137 173
165967 173
102041 174
106091 174
112403 174
121431 174
124847 174
143357 174
149501 174
169361 174
181211 174
181841 174
187631 174
192917 174
110125 175
123901 175
127933 175
130873 175
137803 175
175429 175
176233 175
181183 175
103529 176
105179 176
148565 176
152387 176
158219 176
161417 176
176249 176
182039 176
187859 176
103417 177
115477 177
134767 177
183159 177
111575 178
113801 178
118715 178
126443 178
138323 178
139541 178
163031 178
169361 178
182561 178
186731 178
111913 179
114373 179
121093 179
123193 179
124603 179
125581 179
142363 179
187543 179
195763 179
128375 180
139649 180
143399 180
148649 180
161189 180
161417 180
167549 180
173609 180
173639 180
176339 180
186449 180
120031 181
121927 181
127087 181
129481 181
187957 181
119963 182
132341 182
169775 182
182561 182
187631 182
127393 183
136273 183
151573 183
162523 183
105953 184
107669 184
119549 184
128519 184
156059 184
158507 184
177239 184
115357 185
125887 185
153007 185
155095 185
161377 185
194629 185
145301 186
149501 186
155381 186
199173 186
102031 187
124813 187
141913 187
149653 187
152203 187
176233 187
180685 187
190423 187
196573 187
199633 187
119249 188
128909 188
136445 188
155279 188
109027 189
115507 189
117577 189
136927 189
145087 189
161179 189
118253 190
119057 190
121301 190
126905 190
135095 190
147701 190
154883 190
155351 190
170285 190
171167 190
174881 190
181931 190
111493 191
118363 191
131359 191
132751 191
134473 191
155803 191
157903 191
177133 191
195073 191
123737 192
126317 192
130559 192
137699 192
140585 192
159695 192
178259 192
178397 192
191369 192
199775 192
104239 193
108691 193
135187 193
147727 193
158047 193
146021 194
113173 195
114793 195
122173 195
129481 195
139453 195
156163 195
160153 195
101729 196
176735 196
182807 196
199775 196
126517 197
151207 197
179257 197
124847 198
145091 198
167531 198
175457 198
186461 198
114373 199
123901 199
133495 199
141343 199
148849 199
195403 199
148805 200
149825 200
152669 200
159629 200
198377 200
