10000000000:M:1:2:258
10544211 1
10544227 1
10544235 1
10544257 1
10544275 1
10544277 1
10544295 1
10544211 2
10544225 2
10544243 2
10544203 3
10544205 3
10544259 3
10544263 3
10544219 4
10544229 4
10544243 4
10544247 4
10544255 4
10544259 4
10544289 4
10544215 5
10544227 5
10544239 5
10544257 5
10544295 5
10544207 6
10544223 6
10544225 6
10544235 6
10544261 6
10544265 6
10544211 7
10544221 7
10544229 7
10544239 7
10544299 7
10544255 8
10544259 8
10544297 8
10544205 9
10544221 9
10544265 9
10544241 10
10544253 10
10544267 10
10544215 11
10544229 11
10544233 11
10544275 11
10544295 11
10544219 12
10544277 12
10544279 12
10544217 13
10544201 14
10544243 14
10544285 14
10544295 14
10544209 15
10544223 15
10544251 15
10544275 15
10544293 15
10544235 16
10544289 16
10544227 17
10544239 17
10544251 17
10544287 17
10544211 18
10544205 19
10544233 19
10544253 19
10544219 20
10544237 20
10544259 20
10544273 20
10544235 21
10544231 22
10544243 22
10544283 22
10544223 23
10544245 23
10544253 23
10544265 23
10544295 23
10544205 24
10544225 24
10544221 25
10544277 25
10544299 25
10544205 27
10544229 27
10544263 27
10544293 27
10544243 28
10544209 29
10544215 29
10544229 29
10544257 29
10544265 29
10544269 29
10544225 30
10544245 31
10544205 32
10544219 32
10544259 32
10544215 33
10544235 33
10544245 33
10544281 33
10544253 34
10544295 34
10544205 35
10544209 35
10544245 35
10544251 35
10544275 35
10544293 35
10544295 36
10544217 37
10544217 38
10544255 38
10544265 38
10544267 38
10544203 39
10544229 39
10544263 39
10544275 39
10544219 40
10544251 41
10544257 41
10544235 42
10544291 42
10544245 43
10544247 44
10544253 44
10544297 44
10544245 45
10544259 45
10544299 45
10544293 47
10544229 48
10544277 48
10544211 49
10544277 49
10544295 49
10544241 50
10544273 50
10544209 51
10544223 51
10544271 51
10544247 52
10544227 53
10544205 54
10544291 54
10544295 54
10544229 55
10544253 55
10544259 56
10544251 57
10544277 57
10544281 57
10544271 58
10544229 60
10544265 60
10544239 61
10544269 61
10544271 61
10544295 61
10544245 63
10544243 64
10544271 65
10544217 66
10544235 67
10544269 67
10544277 70
10544271 71
10544205 72
10544235 72
10544253 72
10544259 72
10544277 72
10544257 73
10544247 74
10544209 75
10544263 75
10544219 76
10544217 78
10544203 79
10544275 79
10544281 79
10544259 80
10544283 80
10544215 81
10544217 82
10544243 82
10544209 83
10544215 83
10544253 83
10544281 83
10544217 84
10544227 85
10544211 86
10544265 86
10544295 86
10544203 87
10544251 87
10544299 87
10544245 89
10544271 89
10544283 91
10544247 93
10544205 94
10544255 94
10544239 95
10544265 95
10544267 96
10544227 97
10544213 98
10544259 100
10544217 101
10544269 101
10544253 102
10544291 102
10544221 103
10544275 103
10544295 103
10544247 104
10544255 104
10544239 105
10544275 105
10544277 106
10544283 106
10544295 106
10544295 109
10544215 111
10544275 111
10544247 113
10544275 113
10544233 115
10544281 117
10544253 118
10544255 118
10544223 119
10544211 121
10544213 122
10544225 122
10544223 123
10544285 124
10544227 125
10544205 126
10544285 126
10544203 127
10544233 127
10544271 127
10544279 128
10544215 133
10544289 133
10544205 134
10544259 136
10544227 137
10544229 137
10544247 137
10544275 137
10544235 138
10544247 140
10544209 141
10544251 141
10544277 141
10544281 141
10544239 143
10544295 144
10544251 147
10544263 147
10544251 149
10544205 154
10544273 154
10544219 156
10544267 156
10544295 156
10544229 160
10544295 160
10544269 161
10544289 161
10544245 163
10544253 164
10544259 167
10544265 167
10544207 168
10544275 169
10544225 170
10544241 170
10544215 171
10544265 174
10544259 175
10544263 175
10544295 175
10544205 176
10544255 176
10544283 178
10544251 179
10544235 180
10544251 185
10544243 186
10544291 186
10544235 187
10544205 188
10544267 188
10544211 189
10544259 189
10544281 189
10544283 191
10544299 191
10544285 194
10544211 195
10544233 195
10544235 195
10544293 195
10544227 197
10544231 198
10544205 201
10544203 207
10544221 207
10544295 208
10544297 208
10544281 209
10544205 211
10544295 211
10544247 212
10544279 212
10544259 213
10544265 216
10544273 220
10544297 220
10544267 224
10544205 226
10544295 229
10544233 235
10544295 235
10544277 238
10544253 240
10544275 243
10544265 245
10544291 246
10544295 247
10544211 257
10544275 257
10544205 258
10544229 259
10544253 264
10544235 265
10544265 266
10544205 269
10544297 272
10544247 273
10544239 275
10544229 276
10544259 276
10544273 278
10544219 284
10544259 284
10544259 285
10544261 286
10544277 286
10544243 288
10544295 288
10544241 289
10544289 289
10544267 290
10544209 291
10544211 297
10544281 297
10544281 299
10544295 301
10544265 302
10544277 304
10544211 306
10544291 306
10544247 312
10544277 312
10544237 314
10544265 314
10544235 315
10544211 317
10544287 317
10544205 318
10544211 318
10544295 320
10544201 322
10544205 323
10544259 331
10544269 331
10544237 332
10544247 333
10544243 336
10544211 337
10544223 339
10544217 341
10544277 348
10544219 352
10544247 357
10544247 360
10544277 360
10544253 362
10544205 366
10544297 368
10544235 369
10544295 376
10544229 377
10544257 377
10544291 378
10544201 382
10544295 388
10544211 390
10544225 390
10544205 393
10544267 394
10544275 395
10544297 400
10544239 401
10544241 401
10544225 402
10544247 406
10544241 410
10544293 411
10544217 414
10544221 415
10544247 416
10544235 420
10544295 420
10544203 423
10544297 424
10544223 426
10544271 427
10544235 429
10544243 430
10544265 434
10544285 434
10544247 437
10544277 438
10544233 439
10544293 447
10544251 449
10544225 450
10544295 457
10544205 459
10544225 460
10544243 460
10544289 460
10544259 464
10544211 470
10544229 473
10544241 473
10544295 473
10544229 475
10544283 478
10544203 491
10544225 498
10544277 498
10544281 501
10544283 502
10544285 506
10544247 512
10544229 515
10544227 517
10544265 518
10544285 524
10544251 527
10544213 530
10544223 531
10544245 539
10544289 544
10544207 546
10544271 551
10544243 554
10544207 556
10544205 558
10544247 561
10544217 562
10544257 573
10544223 578
10544215 579
10544257 581
10544211 590
10544281 591
10544205 593
10544281 593
10544281 605
10544273 608
10544223 614
10544227 617
10544219 624
10544203 631
10544205 632
10544209 639
10544241 641
10544207 648
10544281 651
10544281 657
10544295 667
10544221 679
10544215 681
10544285 686
10544235 688
10544211 699
10544253 702
10544281 703
10544289 704
10544261 706
10544283 727
10544287 729
10544205 739
10544295 740
10544201 742
10544295 745
10544243 746
10544207 748
10544239 751
10544205 752
10544257 753
10544267 762
10544245 769
10544253 774
10544283 782
10544229 796
10544253 811
10544265 812
10544245 815
10544275 817
10544255 830
10544295 833
10544293 839
10544231 842
10544215 849
10544273 850
10544295 851
10544295 859
10544259 868
10544265 872
10544253 880
10544265 890
10544247 896
10544251 899
10544245 911
10544295 931
10544235 936
10544223 951
10544225 962
10544265 968
10544273 970
10544283 971
10544247 981
10544247 992
10544221 997
