1000000000:M:1:2:258
10544273 10148
10544251 10247
10544263 10459
10544235 10587
10544267 10850
10544253 10852
10544255 10858
10544247 10916
10544259 11028
10544213 11078
10544209 11099
10544289 11176
10544289 11245
10544211 11295
10544295 11334
10544239 11473
10544267 11530
10544203 11619
10544229 11683
10544245 11683
10544275 11779
10544203 11819
10544267 12102
10544271 12107
10544203 12247
10544235 12288
10544241 12457
10544281 12483
10544223 12503
10544217 12757
10544267 12840
10544219 12956
10544205 12959
10544247 13057
10544251 13089
10544243 13168
10544225 13236
10544267 13342
10544215 13433
10544281 13521
10544247 13646
10544287 13725
10544217 13837
10544295 13876
10544267 13918
10544229 13923
10544243 14074
10544289 14259
10544235 14766
10544221 14857
10544215 14859
10544263 14863
10544267 14896
10544245 14923
10544235 15040
10544211 15082
10544259 15083
10544277 15280
10544267 15298
10544247 15549
10544253 15840
10544203 15871
10544271 16146
10544225 16176
10544275 16407
10544201 16498
10544229 16624
10544235 16777
10544259 16884
10544295 16913
10544275 17263
10544217 17556
10544211 17777
10544291 18018
10544229 18043
10544239 18163
10544245 18249
10544267 18488
10544207 18610
10544229 18688
10544283 18707
10544265 18920
10544229 18971
10544235 19125
10544283 19574
10544281 19799
10544289 19828
10544239 19961
