1000000000:M:1:2:258
10544243 2024
10544259 2029
10544223 2031
10544207 2034
10544237 2042
10544215 2073
10544265 2076
10544269 2083
10544217 2094
10544205 2101
10544267 2116
10544277 2128
10544215 2135
10544247 2148
10544225 2162
10544223 2166
10544265 2175
10544285 2180
10544243 2196
10544259 2320
10544205 2338
10544243 2374
10544265 2376
10544211 2385
10544227 2401
10544275 2431
10544295 2446
10544265 2516
10544285 2526
10544223 2535
10544265 2586
10544205 2626
10544295 2644
10544241 2662
10544273 2690
10544261 2714
10544205 2736
10544255 2744
10544235 2752
10544289 2763
10544295 2808
10544245 2815
10544235 2883
10544287 2893
10544247 2932
