10000000000:M:1:2:258
10544275 20095
10544299 20165
10544241 20174
10544229 20231
10544217 20274
10544227 20413
10544211 20454
10544245 20549
10544245 20763
10544253 20942
10544289 21133
10544231 21178
10544265 21198
10544243 21206
10544239 21341
10544205 21763
10544229 21796
10544257 21813
10544205 21841
10544239 21857
10544273 21970
10544205 22075
10544245 22283
10544265 22973
10544205 23383
10544281 23579
10544271 23651
10544247 23793
10544291 23802
10544207 23806
10544265 23969
10544237 24072
10544289 24212
10544247 24257
10544295 24400
10544251 24431
10544201 24518
10544245 24619
10544255 24890
10544207 24934
10544217 25066
10544215 25153
10544245 26009
10544259 26156
10544203 27023
10544271 27133
10544233 27495
10544263 27507
10544205 27531
10544229 27724
10544267 27788
10544221 27987
10544211 28074
10544231 28222
10544279 28316
10544215 28379
10544239 28425
10544255 28550
10544265 28793
10544205 29343
10544247 29601
