1000000000:M:1:2:258
10544261 3010
10544285 3030
10544243 3032
10544295 3065
10544221 3087
10544235 3102
10544241 3190
10544211 3218
10544229 3240
10544257 3241
10544211 3278
10544287 3309
10544235 3312
10544245 3321
10544289 3328
10544231 3342
10544275 3351
10544225 3422
10544295 3434
10544201 3458
10544241 3494
10544241 3497
10544271 3497
10544241 3502
10544229 3605
10544251 3635
10544205 3679
10544283 3742
10544235 3843
10544279 3876
10544219 3920
10544223 3938
10544275 3943
10544285 3974
10544211 3998
10544251 3999
