10000000000:M:1:2:258
10544273 30320
10544243 30448
10544283 30514
10544217 31078
10544295 31235
10544289 31719
10544229 32588
10544205 32913
10544299 33327
10544265 33333
10544289 33421
10544273 33624
10544211 33687
10544235 34068
10544229 34600
10544251 34799
10544265 35093
10544239 36137
10544259 36517
10544279 36912
10544225 36966
10544269 37217
10544279 37452
10544229 37624
10544223 38042
10544281 38069
10544255 38084
10544285 38902
10544273 39038
10544277 39574
10544225 39900
10544289 39980
10544255 40060
10544267 40614
10544207 40666
10544277 41076
10544211 41149
10544271 41163
10544271 41257
10544201 41258
10544223 41648
10544289 42104
10544299 42185
10544209 42195
10544277 42634
10544205 42663
10544239 42991
10544259 43027
10544215 43149
10544265 43343
10544229 43637
10544229 43775
10544209 44139
10544235 44725
10544225 44772
10544285 44806
10544295 44816
10544261 45150
10544297 45460
10544253 45692
10544237 46248
10544283 46631
10544221 46663
10544209 46739
10544283 47114
10544235 47251
10544281 47349
10544285 47674
10544267 47720
10544253 48162
10544211 48585
10544279 48632
10544265 48749
10544259 49131
10544287 49149
10544235 49260
10544223 49280
10544253 49343
10544267 49416
10544259 49531
10544259 49776
10544247 50324
10544271 50797
10544247 51012
10544259 51320
10544251 51635
10544275 52131
10544235 52371
10544231 53050
10544259 53283
10544283 53738
10544259 54015
10544223 54038
10544211 54078
10544235 54261
10544225 54568
10544225 54816
10544267 55014
10544219 55436
10544233 56635
10544289 58089
10544277 58369
10544265 58592
10544283 58630
10544295 58703
10544273 58844
10544213 59336
10544283 59594
10544245 59779
10544255 59858
10544267 60400
10544297 62644
10544209 62967
10544229 63131
10544289 63793
10544247 63886
10544205 64177
10544251 64295
10544201 64722
10544265 64743
10544255 65036
10544219 65084
10544247 65450
10544285 66110
10544267 66724
10544243 67898
10544293 68247
10544253 69383
10544247 69912
10544251 71159
10544275 71551
10544281 72027
10544235 72042
10544299 72111
10544263 72175
10544269 72689
10544243 73066
10544243 73088
10544223 73304
10544265 75759
10544283 75763
10544237 76434
10544271 76623
10544211 77954
10544277 78106
10544267 78248
10544241 79382
10544243 79394
10544255 80390
10544271 80977
10544281 81303
10544271 81343
10544221 81555
10544205 81914
10544211 82131
10544277 83185
10544229 83640
10544247 83890
10544277 84046
10544279 84372
10544241 86111
10544221 87729
10544281 87987
10544223 88076
10544277 88744
10544281 88953
10544221 89377
10544209 89939
10544277 90756
10544205 92405
10544207 93166
10544283 94067
10544229 94269
10544229 94819
10544253 95018
10544265 95282
10544255 95300
10544211 95798
10544247 95818
10544251 96551
10544295 98106
10544297 99488
