1000000000:M:1:2:258
10544211 4017
10544235 4029
10544217 4046
10544235 4081
10544283 4136
10544223 4203
10544227 4265
10544225 4276
10544205 4316
10544251 4329
10544207 4330
10544265 4335
10544223 4340
10544285 4342
10544265 4349
10544277 4417
10544217 4436
10544259 4456
10544235 4476
10544205 4512
10544289 4521
10544299 4529
10544295 4534
10544275 4553
10544229 4556
10544211 4586
10544251 4599
10544265 4599
10544265 4692
10544277 4702
10544237 4808
10544253 4818
10544245 4819
10544273 4848
10544209 4895
10544221 4899
10544269 4913
10544259 4957
10544259 4967
