211167017:M:1:2:258
29445 1009
29925 1021
23805 1028
23805 1033
20625 1034
16485 1041
22785 1053
26829 1057
15645 1058
29445 1062
22095 1080
22365 1080
16665 1084
26829 1089
28635 1091
23295 1096
29685 1101
21825 1106
22701 1115
21525 1116
22365 1127
23295 1151
29685 1155
17295 1160
26829 1163
23805 1165
29445 1165
29685 1166
15645 1168
23805 1177
16887 1178
21825 1188
22095 1189
25077 1189
27615 1194
28215 1195
17295 1197
16485 1198
17295 1201
22365 1201
23295 1204
23295 1208
29445 1219
23985 1241
22365 1242
16887 1245
26829 1245
28605 1259
19635 1262
22785 1263
18975 1272
28635 1272
18975 1275
23295 1279
28665 1282
15645 1288
23985 1289
28635 1292
17295 1294
18975 1294
18975 1295
18975 1298
17295 1305
29925 1317
21525 1319
21285 1333
21285 1339
22365 1342
26829 1347
20145 1349
21285 1353
23295 1360
20145 1367
21885 1368
25905 1373
29925 1375
23805 1388
25905 1392
28635 1394
18525 1403
22701 1403
15645 1416
22701 1419
17295 1420
25077 1424
28605 1428
21285 1433
28215 1433
28635 1443
28665 1443
21825 1446
18525 1449
26829 1453
21285 1467
29445 1468
21285 1477
23295 1478
15645 1485
25077 1488
27615 1490
20625 1493
15645 1500
26829 1519
17295 1524
29025 1525
18525 1528
17295 1531
28605 1533
28635 1534
22701 1543
17295 1546
29025 1557
23805 1576
25077 1578
29025 1581
29925 1581
19635 1586
22095 1591
26829 1595
18525 1597
16485 1601
21885 1619
16485 1621
28605 1628
29925 1629
21825 1636
29925 1639
22785 1641
27615 1643
20625 1644
19635 1649
28605 1651
26829 1652
17295 1656
16485 1657
20625 1663
16665 1664
20145 1666
22701 1671
15645 1673
22095 1674
16887 1678
20145 1684
16665 1690
19635 1691
29445 1702
18525 1708
21885 1725
17295 1729
22785 1731
29445 1731
25077 1732
23805 1737
28215 1746
29925 1749
23295 1750
29925 1751
16665 1754
16665 1757
22365 1761
25077 1762
28215 1769
29025 1771
17295 1787
23985 1788
23295 1790
28605 1790
23985 1793
29025 1794
22701 1798
29925 1802
18525 1819
29445 1819
17295 1821
29685 1822
20625 1835
15645 1837
28665 1841
17295 1843
28215 1844
18975 1846
23985 1849
22095 1852
16887 1857
28605 1859
18975 1864
19635 1864
18975 1875
21885 1876
23985 1885
28215 1885
17295 1886
19635 1890
23985 1893
27615 1898
22785 1917
23295 1925
15645 1930
22701 1939
19635 1942
16665 1948
25905 1954
16665 1958
22785 1963
21885 1969
23985 1973
28635 1977
20145 1992
29025 1997
18975 1999
15645 2001
22095 2021
23985 2029
22785 2033
29445 2033
21825 2036
22365 2036
22095 2040
18525 2041
28215 2051
29025 2057
21825 2061
20145 2062
21885 2062
28215 2075
16485 2081
15645 2106
21285 2124
29685 2128
18975 2139
21525 2140
18525 2145
28635 2146
22365 2148
28215 2176
17295 2179
16665 2186
23805 2193
28605 2213
15645 2216
16485 2218
22095 2220
22365 2224
28215 2231
22365 2232
21885 2236
29025 2240
29925 2242
26829 2244
22365 2245
23985 2248
29445 2251
21525 2252
16485 2262
25077 2266
28635 2270
28665 2282
21525 2296
21825 2296
22365 2296
22365 2322
29025 2327
29025 2345
18525 2347
21525 2349
19635 2365
26829 2365
21825 2367
20145 2384
28215 2384
23985 2390
15645 2415
21285 2444
28635 2455
22785 2473
16665 2480
27615 2482
25077 2485
18975 2513
23805 2517
16485 2534
25905 2546
23985 2552
16887 2558
29445 2563
23295 2576
15645 2577
22701 2585
29445 2586
22365 2596
16887 2600
29925 2601
18525 2607
25077 2610
25905 2610
17295 2613
20625 2615
29445 2646
28665 2653
18525 2661
15645 2663
28665 2667
26829 2679
23295 2684
28635 2697
28215 2707
18525 2718
21825 2727
25905 2731
20145 2750
22701 2771
26829 2773
28635 2782
19635 2810
16485 2814
16887 2836
26829 2840
23805 2842
29025 2845
18975 2859
17295 2860
29445 2860
25077 2869
16665 2870
28665 2870
29925 2887
21285 2911
18975 2924
25905 2936
25905 2939
22365 2941
21285 2945
27615 2947
29025 2965
22365 2978
25905 2990
26829 3020
23295 3036
29025 3041
17295 3085
23805 3109
29445 3122
22701 3123
20145 3147
25077 3148
22365 3170
25077 3172
29685 3172
22785 3185
21285 3193
29025 3199
20145 3209
29925 3212
16887 3260
28665 3283
22365 3286
15645 3288
29025 3290
22365 3296
25077 3312
23295 3338
25905 3343
29925 3344
29925 3345
27615 3352
19635 3354
21885 3365
29025 3371
18525 3412
28215 3422
28635 3435
28635 3444
28665 3458
22365 3461
19635 3465
28665 3477
22365 3481
16887 3482
20145 3483
19635 3484
20625 3490
23805 3497
28215 3512
22701 3522
16887 3534
19635 3547
22701 3561
16485 3568
16887 3578
16887 3600
25077 3601
25077 3616
29025 3630
16665 3648
22785 3665
22701 3674
25905 3680
23295 3683
16665 3703
22785 3703
16485 3718
22701 3726
28605 3728
28605 3730
26829 3739
23805 3748
28215 3748
16485 3754
18975 3759
16665 3769
25905 3779
21825 3782
29025 3840
22701 3846
23805 3858
20145 3874
22701 3879
17295 3888
28665 3896
28635 3902
28665 3917
28215 3930
25905 3950
29685 3951
21285 3965
23295 3970
25905 3972
29685 3977
29685 3987
21825 3999
28635 4001
16665 4066
29025 4078
23295 4089
28605 4093
18525 4095
22701 4139
19635 4162
21285 4167
21885 4182
22701 4189
28605 4201
16665 4223
29925 4248
18975 4253
23985 4277
26829 4285
16485 4301
28665 4321
23295 4336
16485 4338
19635 4340
28635 4366
21285 4405
25905 4419
22701 4458
20145 4463
16665 4489
29925 4524
28665 4543
28215 4579
20145 4587
22095 4592
26829 4603
29445 4603
23295 4620
22095 4714
16485 4722
21525 4740
28215 4768
15645 4818
25905 4824
21525 4831
28635 4838
23805 4841
16485 4870
21885 4877
29445 4897
21525 4911
21885 4942
27615 4969
29685 5019
23295 5032
22095 5038
22701 5081
29925 5088
22365 5092
23985 5097
22785 5113
17295 5116
20625 5117
15645 5130
16887 5140
17295 5141
29925 5151
26829 5165
21885 5184
21525 5190
23805 5209
16887 5214
29025 5234
21825 5247
20625 5271
16665 5282
21285 5289
21285 5311
21825 5318
22095 5320
23805 5324
23985 5328
21825 5329
27615 5334
18975 5354
29445 5358
16665 5388
27615 5422
29925 5467
15645 5471
26829 5491
21525 5495
29445 5507
21885 5524
18975 5525
21285 5549
20145 5554
18975 5555
16887 5561
19635 5563
29445 5581
17295 5594
16887 5644
17295 5651
17295 5669
16665 5732
19635 5735
23295 5736
20145 5749
29445 5749
23805 5773
25077 5781
21525 5783
22365 5794
23985 5805
20145 5850
29925 5920
18975 5932
22701 5938
21285 5948
22785 5960
16485 5994
16887 6048
16665 6063
28215 6072
16485 6075
28635 6111
17295 6120
29025 6178
22701 6223
25077 6248
29685 6248
16665 6312
18975 6317
28605 6318
28635 6322
29685 6346
21525 6349
23295 6429
16665 6466
16485 6508
22785 6517
21525 6546
22785 6546
28665 6550
28605 6561
28215 6582
21885 6594
20625 6600
19635 6613
16887 6661
22365 6673
18525 6694
20625 6753
21525 6755
21525 6761
25077 6774
22365 6787
17295 6796
28605 6797
22785 6812
16887 6842
17295 6868
20625 6951
25077 6961
22701 6962
27615 6983
23295 7139
17295 7146
17295 7181
22701 7219
16887 7253
25905 7267
22701 7269
18975 7477
16887 7521
16887 7560
26829 7561
17295 7583
22785 7586
28635 7627
28635 7633
18975 7657
23805 7678
26829 7693
16665 7723
22785 7767
25905 7774
21885 7784
18975 7814
16665 7816
29445 7819
22365 7845
21885 7864
18525 7867
15645 7869
16485 7894
22785 7903
25905 7903
26829 7965
22365 7997
29925 8041
20625 8076
28605 8133
28665 8134
15645 8183
22365 8192
22095 8286
20145 8399
28215 8405
18525 8417
28215 8442
21825 8451
29685 8456
19635 8494
21825 8503
19635 8569
28635 8600
21525 8620
20625 8627
22365 8627
16485 8711
18525 8718
25905 8718
22365 8780
25077 8810
22785 8856
18525 8881
27615 8915
21525 8925
23805 8953
21885 8970
19635 8984
28635 8988
18975 8989
29925 9007
21825 9019
20145 9043
26829 9045
23295 9062
29925 9064
21885 9077
21885 9096
28215 9120
16665 9135
22095 9171
20625 9215
21525 9241
21885 9244
21525 9289
20145 9300
18525 9345
22785 9373
23985 9384
28665 9432
22701 9459
19635 9469
21885 9480
15645 9548
25077 9564
21525 9585
21525 9603
21285 9689
22701 9730
16665 9780
21285 9835
27615 9875
20145 9943
16665 9946
25077 9949
26829 9960
21525 9973
