211167017:M:1:2:258
25077 10156
28215 10165
29685 10172
16665 10180
23805 10257
29685 10277
28605 10329
20145 10369
22365 10526
20145 10595
21525 10637
21525 10655
28635 10701
18975 10703
16887 10721
16485 10789
23805 10867
18525 10923
21825 10954
29025 11027
25077 11132
28215 11189
16485 11229
21825 11243
29685 11304
28605 11322
23805 11331
29445 11439
16665 11480
23295 11539
25905 11539
15645 11543
21525 11545
22785 11609
21525 11647
29925 11651
21285 11716
29025 11756
19635 11760
19635 11846
22785 11849
27615 11865
22095 11974
29925 12025
29685 12124
19635 12160
28635 12183
28665 12287
15645 12290
23295 12290
28215 12293
29025 12345
29445 12361
22365 12390
29025 12401
26829 12403
21285 12481
28215 12510
28635 12513
28215 12522
16887 12560
28605 12604
23295 12632
27615 12647
23985 12704
28215 12757
16665 12811
21885 12822
26829 12853
22785 12933
19635 12959
21825 12961
27615 12962
21885 12968
21525 12979
27615 12987
21525 13026
22701 13029
29685 13041
23985 13081
28605 13081
26829 13087
25905 13158
28665 13238
28665 13302
28635 13304
16887 13313
21285 13333
29925 13348
28665 13382
21285 13469
28215 13594
20625 13620
21885 13724
20625 13835
22095 13849
28215 13864
23295 13918
16665 13956
19635 13978
23985 13997
25077 14044
20625 14085
18975 14129
23985 14298
21825 14301
25905 14331
15645 14368
16665 14437
27615 14483
22785 14484
28215 14531
29685 14566
21885 14682
25077 14698
19635 14762
18975 14763
23295 14772
29025 14777
28605 14807
25905 14849
29445 14865
20145 14875
22701 14890
23805 14968
21285 15002
22701 15043
16887 15092
21885 15106
23985 15152
28665 15161
25077 15182
28665 15199
20625 15284
18525 15344
29925 15345
22785 15346
18975 15356
29025 15405
20145 15407
28665 15426
22701 15430
29445 15539
27615 15565
29685 15598
18525 15606
23805 15607
29025 15612
21525 15621
22365 15635
25077 15641
19635 15672
22095 15772
23295 15793
28605 15810
27615 15938
22701 16069
19635 16126
28605 16150
18975 16219
27615 16285
22095 16294
21525 16398
22365 16437
16665 16464
16665 16472
23985 16514
22785 16571
18525 16625
27615 16625
29685 16682
29445 16753
18525 16896
25905 16915
23805 16921
16665 17090
23295 17116
25905 17287
28635 17394
23985 17404
23295 17409
22701 17463
23295 17518
23295 17521
20145 17559
21285 17612
28665 17631
28665 17682
26829 17729
20145 17739
22785 17742
15645 17798
28215 17856
29445 17870
29925 17915
21285 18044
29685 18162
23805 18195
29025 18262
22095 18270
16485 18326
29445 18351
26829 18407
22095 18454
28665 18551
29445 18565
16485 18577
22785 18611
17295 18659
22701 18723
22095 18824
21885 18846
16665 19016
22701 19050
20145 19103
21885 19169
25905 19337
19635 19363
20625 19386
16887 19596
27615 19660
20625 19810
22785 19969
20145 19981
