211167017:M:1:2:258
26829 20076
25905 20114
22365 20203
29685 20252
28665 20449
23985 20480
25905 20562
20145 20575
22785 20653
29445 20663
22701 20695
22365 20778
23985 20870
27615 21130
28665 21176
22701 21230
18975 21240
27615 21329
29445 21388
23295 21405
21525 21440
23295 21571
25077 21780
28665 21834
26829 21875
17295 22105
21525 22259
19635 22358
22095 22450
26829 22492
16887 22510
20145 22675
28665 22887
23985 22970
16665 23043
22701 23090
28635 23207
18525 23223
21885 23518
29025 23664
15645 23681
21285 23813
28605 23889
16887 23926
16887 24230
27615 24259
23805 24305
23985 24364
21525 24366
28215 24378
21885 24513
22701 24513
28215 24568
15645 24920
21285 24935
27615 24990
21825 25024
23805 25252
23985 25440
18525 25571
18525 25629
21885 25767
22701 25851
17295 25869
25905 25907
29445 25965
16665 25970
21885 26040
29025 26171
25077 26944
26829 27265
20145 27445
22785 27447
27615 27678
22785 27795
29685 27809
29925 27945
22785 28269
22095 28361
21825 28428
16887 28486
18975 28491
28665 28502
16887 28528
29445 28529
28635 28716
27615 29004
17295 29096
28635 29182
29685 29375
20625 29435
16665 29449
27615 29555
21885 29650
27615 29663
22701 29731
28635 29747
21285 29797
20625 29850
