211167017:M:1:2:258
17295 30013
28635 30062
28605 30102
26829 30111
29925 30182
23805 30219
17295 30376
25905 30416
29025 30422
29025 30450
29445 30455
19635 30592
23805 30622
25905 30746
25905 30751
29685 30809
28605 30825
25077 30952
29445 30986
25905 31332
18975 31718
15645 31830
20145 31932
18975 32010
25905 32097
16665 32133
21285 32286
22785 32306
20625 32451
21525 32581
21825 32591
16665 32629
29685 32655
25077 32681
22365 32686
29685 32858
22365 33334
27615 33550
16485 33595
22701 33690
23295 33713
28665 33767
29025 33824
20625 33954
19635 34136
18525 34186
20625 34186
18525 34386
16887 34404
22365 34453
22785 34459
27615 34872
22095 34945
26829 34968
19635 35302
25905 35386
18525 35654
22785 35672
28635 35738
17295 35819
25905 35821
16485 35915
25077 36132
28605 36218
23805 36336
29025 36898
21885 36974
16887 37142
16665 37161
28605 37204
27615 37333
22365 37448
22785 37589
23805 37722
26829 37880
28215 38370
28635 38546
22365 38782
25077 38842
28635 38864
20145 39083
21285 39182
21285 39215
23805 39223
21885 39278
28635 39410
16485 39566
29685 39567
