211167017:M:1:2:258
20145 40456
25905 40618
29685 40832
18975 41052
25905 41270
27615 41299
26829 41451
25905 41459
22095 41474
22701 41534
21825 41563
18975 41732
22785 41816
25077 41826
28215 42086
22701 42141
17295 42348
28635 42547
15645 42566
29445 42702
19635 43394
25905 43409
26829 43604
25905 43627
28605 43727
26829 43772
29445 44026
25077 44221
17295 44413
18975 44504
28635 44703
23805 44779
28215 44946
21885 44972
28665 45204
28215 45288
20625 45346
23985 45557
19635 45621
21285 45711
16665 45768
21825 46016
20145 46031
26829 46119
25905 46121
27615 46245
29685 46295
28635 46534
16665 46618
21285 46869
28665 47377
17295 47857
22365 48565
23805 48656
23985 48921
28665 49019
27615 49020
20145 49280
25077 49432
25905 49496
21525 49726
29445 49765
25077 49880
