1000000000:M:1:2:258
21525 60897
23985 61058
15645 61065
28665 61598
21525 61635
20625 61821
28605 61912
16485 61994
18525 62015
27615 62418
23805 62863
25077 62956
22095 63312
23985 63377
18975 63682
22095 64012
22095 64261
20625 64349
19635 64694
23295 65063
22785 65084
16887 65222
16665 65340
29445 65511
22365 65862
29925 66007
25077 66084
29925 66161
21825 66399
21885 66757
19635 67498
29685 67642
23295 67682
16665 67825
28635 68051
18525 68424
21285 68538
20145 68729
21525 69085
25905 69211
28605 69393
28215 69491
17295 69688
29445 69742
21825 69994
21825 70576
29925 70587
23805 70934
18975 71123
21285 71628
20145 71907
29685 72130
28605 72594
22785 72729
29685 73035
21825 73067
27615 73222
20625 73961
16887 74076
27615 75065
25905 75123
27615 76089
22785 76673
22365 76888
25905 76916
28635 77302
16485 77454
25905 78336
18525 78611
26829 78712
22095 78872
23985 78880
29685 79009
21285 79153
22365 79363
16665 79460
20145 79685
19635 79949
21885 80340
28215 80413
28665 80442
23805 80482
22785 81335
25905 81523
28605 81729
18975 81879
26829 81959
16665 82525
23295 82670
22365 82674
20145 83106
21885 83209
28635 83484
29925 83497
18525 83758
22785 84083
20625 84387
16665 84460
23805 84943
29445 85578
20145 87289
21525 87301
25905 87433
16665 87614
16665 88467
23295 89076
29025 89315
29025 89544
16485 90341
16887 90793
26829 90951
28635 92451
25905 92938
29445 93252
22365 94038
29025 94347
15645 94484
28215 95596
22365 96970
26829 97475
21885 97533
28215 97661
28605 98221
20145 98532
22095 98638
19635 99074
29685 99350
29685 99398
16485 99451
23985 99673
20625 99783
15645 100205
21885 100370
28665 100387
18975 101761
29925 101847
21885 101914
17295 102844
29445 103782
22365 103973
22785 104079
20145 104079
21285 104211
28605 104453
28665 105197
16665 105765
18975 106477
23805 106791
15645 107373
22785 109569
23985 110880
29925 113328
23805 113775
29445 114198
16665 114838
28665 115188
20145 115345
21825 116416
22365 116641
29925 116677
22365 116832
18525 117154
28665 117317
16887 118536
28215 118538
23805 118994
23805 119496
28635 120630
20625 120794
28635 121257
25905 121344
27615 121838
21525 121962
29925 122625
22701 123605
26829 123911
21525 124157
16485 124850
20625 124946
19635 125045
21525 125371
23805 126457
21825 126594
23805 126653
20625 126701
16485 126742
29025 127286
28635 129828
21885 130069
18975 130174
23985 131479
23805 131762
26829 131837
22095 132000
29685 132250
21885 132647
22785 132881
21885 133385
17295 133789
29685 134385
28605 134794
23805 135568
23805 135568
29025 135571
20145 135799
28215 135985
29025 136774
18975 137125
15645 137688
16665 138425
17295 139613
22365 139960
25077 141408
26829 141684
22095 142519
27615 144003
28215 144600
22365 145576
21285 146033
22095 146158
20145 146309
28605 146412
23295 148049
18975 148156
21525 148376
27615 148831
29685 149282
29025 149880
17295 153780
21525 156231
19635 156800
21885 157105
20625 158092
22785 158291
25905 158929
20625 159306
21825 161928
20625 163355
21525 163447
17295 163849
21825 164754
25905 164828
29025 164929
25905 165441
21825 166294
29685 166389
21285 166709
18525 166753
28635 167030
28665 167774
22095 168050
18525 168437
20145 168606
16485 169148
21525 169661
25905 169667
22365 170074
18525 170137
21825 170386
27615 171707
21885 174305
18975 174504
15645 175077
22365 175222
26829 175419
29445 176676
26829 177729
22365 178106
20145 179401
29445 181477
25905 182467
29685 183789
23985 184020
21885 184829
29025 188405
18975 188494
16887 188562
19635 189197
29025 189971
25077 190734
28215 192342
15645 192310
23295 192591
29445 193358
21825 193892
21285 195341
16887 196184
22365 196382
29925 197641
28605 199413
18975 200275
21525 200279
16887 200654
17295 201154
25077 201258
18525 201322
15645 202481
20145 204934
29445 205018
22365 205342
27615 206614
26829 208047
22701 208982
18525 210211
22785 210847
29685 210945
18525 211465
22095 211794
16887 213017
18525 213906
26829 214029
29445 215103
23295 215636
25077 216562
29445 217309
26829 217421
17295 217577
28605 218213
20625 218363
27615 218539
22365 218570
17295 219284
23985 220558
21825 220594
16485 221829
29445 222107
21885 222387
22701 222399
22095 222954
25077 227352
21525 229507
21525 230432
26829 230639
25905 231990
18525 233183
21825 233842
28635 234133
28665 234221
27615 234943
29925 235978
25905 236155
21885 236188
25905 237351
18525 238095
16485 239042
22785 239651
22785 240120
15645 242640
23295 243515
29025 246694
23295 248423
20145 251867
19635 252425
18525 254147
21525 254195
15645 254279
28605 254434
20625 254944
22701 256371
17295 256769
25905 258526
18975 260212
22095 260919
21825 262456
20145 262846
15645 263120
27615 264209
27615 264217
16887 264401
22785 267083
29685 267390
29685 267446
21525 268531
23805 270312
29685 273868
21525 274191
25077 275121
28605 276165
29685 278129
27615 278541
18525 279049
18525 279512
20625 280424
16665 282145
22701 282545
29685 285707
28665 286671
20625 287052
29925 289908
23985 293264
21285 294587
20145 296076
22365 296975
28635 298005
21285 298732
23295 299084
20625 299537
15645 299660
