15095 1014
15083 1024
15077 1030
15087 1038
15085 1041
15013 1043
15059 1044
15021 1049
15069 1052
15085 1081
15045 1083
15015 1092
15025 1107
15091 1119
15035 1122
15053 1128
15003 1131
15093 1139
15083 1154
15085 1159
15077 1182
15027 1186
15071 1194
15049 1195
15047 1202
15063 1203
15031 1209
15091 1209
15063 1212
15099 1216
15027 1222
15013 1235
15013 1259
15069 1260
15031 1275
15059 1276
15021 1289
15039 1292
15051 1295
15063 1302
15055 1315
15045 1339
15069 1347
15001 1365
15075 1368
15009 1388
15093 1408
15015 1418
15075 1427
15021 1430
15009 1448
15047 1448
15059 1452
15073 1455
15073 1467
15025 1469
15031 1471
15075 1484
15051 1495
15099 1496
15039 1504
15061 1515
15021 1534
15099 1535
15035 1542
15031 1543
15065 1570
15017 1582
15051 1597
15005 1598
15065 1598
15045 1614
15087 1617
15005 1632
15085 1653
15035 1692
15029 1700
15053 1700
15003 1708
15067 1709
15015 1717
15099 1725
15077 1760
15025 1777
15043 1783
15069 1788
15087 1809
15045 1831
15057 1840
15049 1849
15033 1854
15077 1854
15001 1865
15047 1868
15023 1870
15069 1872
15021 1886
15019 1887
15083 1896
15027 1905
15013 1915
15057 1957
15085 1969
15063 2006
15083 2020
15065 2032
15001 2039
15067 2041
15045 2043
15077 2056
15083 2074
15019 2075
15083 2090
15023 2108
15091 2111
15097 2113
15015 2122
15045 2133
15099 2156
15045 2188
15015 2228
15045 2244
15083 2244
15057 2246
15007 2249
15085 2273
15075 2285
15075 2292
15021 2297
15019 2327
15017 2380
15015 2381
15021 2389
15045 2413
15055 2425
15015 2441
15057 2529
15063 2530
15047 2550
15043 2575
15045 2571
15075 2592
15017 2598
15075 2604
15015 2623
15041 2654
15085 2669
15053 2692
15037 2693
15095 2694
15075 2699
15065 2722
15015 2736
15031 2761
15039 2764
15003 2766
15035 2846
15077 2856
15093 2876
15051 2897
15081 2971
15061 2997
15079 3047
15093 3056
15045 3112
15035 3150
15065 3154
15087 3178
15069 3193
15045 3205
15025 3259
15099 3380
15061 3431
15085 3433
15081 3498
15081 3510
15051 3637
15085 3729
15017 3790
15039 3824
15093 3826
15057 3838
15093 3839
15021 3845
15007 3853
15055 3859
15019 3935
15081 3949
15047 3978
15025 4007
15069 4143
15027 4217
15049 4271
15061 4287
15075 4310
15063 4355
15029 4364
15069 4393
15025 4437
15021 4458
15083 4464
15035 4480
15015 4557
15087 4684
15015 4732
15085 4753
15075 4811
15057 4813
15045 4839
15005 4848
15039 4972
15099 4972
15023 5066
15057 5066
15035 5082
15097 5129
15001 5181
15095 5186
15063 5244
15039 5276
15047 5312
15071 5334
15021 5354
15021 5355
15063 5375
15019 5387
15041 5390
15055 5439
15069 5473
15085 5513
15027 5576
15087 5716
15077 5744
15087 5838
15027 5873
15075 5879
15091 5923
15021 5926
15027 5929
15093 6011
15039 6016
15085 6049
15009 6071
15045 6090
15079 6185
15077 6280
15041 6294
15077 6310
15017 6334
15051 6343
15023 6350
15021 6366
15085 6383
15015 6391
15081 6429
15071 6438
15033 6480
15071 6482
15025 6509
15047 6584
15069 6588
15087 6609
15085 6665
15037 6725
15035 6768
15053 6818
15045 6831
15085 6837
15055 6999
15047 7094
15011 7142
15081 7166
15087 7186
15085 7237
15085 7291
15049 7325
15085 7339
15033 7355
15039 7357
15003 7359
15055 7379
15053 7522
15099 7781
15021 7799
15015 7840
15045 7963
15007 7993
15099 8216
15069 8379
15027 8389
15009 8429
15049 8543
15039 8557
15093 8584
15077 8640
15043 8703
15077 8716
15063 8767
15071 8798
15075 8891
15003 8919
15091 8971
15021 9017
15057 9113
15099 9152
15081 9166
15085 9431
15045 9592
15047 9596
15039 9651
15015 9813
15015 9851
15009 9857
15053 9912
15009 9917
15025 9949
15025 9973
15085 10069
15099 10080
15081 10241
15055 10335
15047 10350
15003 10374
15023 10402
15015 10403
15041 10406
15045 10443
15045 10455
15011 10522
15097 10733
15081 10747
15015 10764
15079 10913
15031 11329
15029 11404
15001 11453
15045 11535
15019 11571
15099 11591
15033 11658
15091 11749
15049 11835
15007 11869
15025 11931
15039 12032
15097 12037
15039 12072
15025 12107
15025 12183
15075 12293
15003 12447
15093 12718
15079 12869
15081 12926
15033 12996
15053 13150
15023 13442
15077 13452
15023 13508
15031 13545
15033 13590
15023 13654
15025 13803
15009 13829
15075 13937
15057 14005
15003 14107
15085 14137
15087 14194
15085 14209
15021 14290
15081 14541
15057 14717
15089 15012
15045 15061
15093 15152
15059 15340
15017 15406
15099 15411
15053 15418
15055 15527
15039 15541
15009 15548
15081 15566
15053 15584
15023 15890
15045 15913
15075 15929
15075 15942
15053 16072
15003 16126
15025 16219
15045 16260
15033 16418
15041 16486
15085 16573
15083 16578
15099 16668
15065 16688
15059 16740
15031 16881
15075 17003
15085 17071
15091 17193
15085 17205
15069 17244
15087 17266
15055 17415
15059 17692
15075 17919
15009 18089
15093 18112
15033 18314
15015 18410
15003 18747
15047 18830
15077 18978
15083 19036
15003 19072
15033 19202
15019 19287
15083 19426
15099 19488
15045 19705
15075 19952
