15125 1020
15147 1022
15145 1029
15189 1033
15195 1044
15171 1045
15149 1064
15107 1072
15151 1091
15107 1094
15169 1095
15183 1096
15141 1098
15189 1100
15137 1102
15133 1119
15171 1123
15153 1126
15111 1135
15195 1151
15159 1157
15109 1159
15105 1165
15165 1166
15121 1171
15155 1184
15135 1186
15121 1195
15105 1196
15153 1196
15165 1212
15191 1214
15183 1227
15145 1229
15107 1234
15195 1234
15141 1267
15161 1270
15115 1291
15137 1296
15153 1304
15163 1315
15165 1326
15171 1326
15177 1328
15165 1377
15163 1391
15123 1422
15143 1422
15111 1446
15181 1453
15111 1469
15175 1485
15151 1487
15155 1508
15139 1509
15129 1513
15139 1523
15143 1542
15195 1555
15143 1564
15165 1572
15183 1595
15183 1596
15123 1598
15113 1602
15153 1607
15183 1624
15117 1628
15109 1635
15165 1674
15165 1686
15119 1704
15103 1707
15151 1713
15101 1782
15177 1790
15111 1809
15151 1809
15169 1813
15123 1815
15165 1828
15173 1836
15133 1851
15151 1853
15147 1882
15113 1912
15189 1915
15165 1918
15107 1940
15127 1961
15167 1968
15113 1974
15169 1975
15141 1985
15189 1991
15141 1999
15107 2012
15157 2013
15113 2032
15139 2047
15149 2068
15133 2075
15151 2079
15147 2080
15109 2085
15129 2097
15113 2108
15113 2110
15125 2116
15115 2137
15171 2137
15123 2167
15111 2169
15129 2181
15107 2192
15125 2198
15129 2211
15143 2220
15167 2256
15109 2259
15131 2294
15141 2361
15123 2383
15149 2396
15183 2396
15133 2423
15147 2437
15175 2445
15171 2473
15109 2477
15161 2478
15197 2496
15153 2512
15115 2529
15165 2550
15113 2560
15111 2618
15189 2632
15133 2643
15119 2664
15109 2783
15153 2800
15199 2811
15189 2816
15187 2865
15189 2896
15151 2905
15111 2910
15165 2919
15125 2926
15191 2942
15115 2947
15189 3012
15163 3047
15159 3075
15123 3175
15183 3180
15121 3211
15125 3214
15125 3236
15153 3258
15113 3278
15155 3312
15111 3318
15155 3368
15103 3419
15199 3441
15165 3482
15175 3509
15171 3567
15189 3568
15107 3590
15139 3647
15167 3730
15169 3735
15145 3741
15153 3750
15161 3750
15137 3806
15139 3827
15157 3853
15137 3858
15189 3883
15135 3926
15171 3943
15159 3944
15195 4002
15117 4034
15109 4049
15179 4072
15165 4116
15165 4134
15179 4152
15141 4153
15195 4189
15193 4275
15147 4366
15183 4406
15177 4414
15145 4439
15195 4471
15109 4495
15113 4500
15171 4503
15195 4510
15147 4512
15109 4603
15143 4606
15199 4611
15109 4663
15137 4694
15155 4752
15145 4791
15137 4796
15121 4801
15113 4818
15191 4862
15145 4889
15183 4948
15105 4951
15177 4958
15103 4967
15179 4968
15109 5013
15153 5020
15139 5021
15135 5030
15135 5050
15147 5057
15179 5072
15165 5075
15119 5120
15123 5136
15177 5168
15183 5264
15151 5269
15189 5279
15111 5281
15183 5326
15199 5331
15195 5332
15177 5350
15173 5400
15165 5444
15125 5522
15137 5552
15189 5640
15131 5666
15113 5674
15141 5691
15129 5733
15141 5753
15153 5786
15167 5826
15137 5848
15159 5852
15123 6088
15171 6127
15145 6143
15133 6243
15189 6289
15143 6472
15183 6483
15165 6515
15195 6544
15195 6550
15181 6689
15183 6708
15141 6759
15111 6825
15111 6889
15111 6933
15183 7078
15195 7144
15105 7196
15111 7199
15141 7199
15189 7279
15155 7288
15171 7297
15137 7466
15105 7550
15133 7559
15157 7597
15153 7700
15123 7720
15181 7779
15123 7823
15189 7847
15165 7852
15147 7888
15137 7904
15123 7926
15153 7952
15129 8001
15113 8022
15165 8114
15125 8132
15193 8251
15169 8257
15155 8268
15125 8358
15123 8406
15181 8429
15137 8538
15133 8551
15189 8555
15133 8563
15153 8682
15169 8715
15107 8726
15195 8761
15171 8787
15183 8787
15141 8838
15183 8878
15169 8905
15177 8929
15163 9067
15107 9106
15115 9165
15159 9189
15189 9193
15165 9357
15119 9360
15165 9461
15109 9539
15123 9559
15153 9786
15155 9812
15191 9814
15125 9934
