100000000:P:1:2:257
15141 10050
15145 10055
15165 10110
15153 10144
15169 10199
15153 10324
15139 10325
15183 10370
15179 10408
15165 10692
15135 10732
15175 10779
15111 10861
15147 10920
15105 11191
15195 11267
15177 11273
15195 11360
15151 11367
15171 11391
15191 11422
15109 11433
15167 11436
15181 11643
15169 11853
15165 11915
15177 12052
15141 12121
15105 12178
15195 12313
15109 12327
15123 12726
15151 12747
15147 12768
15109 12865
15133 13031
15107 13040
15137 13078
15113 13132
15123 13188
15139 13335
15169 13671
15131 13766
15113 13808
15173 13970
15153 13983
15155 14136
15161 14370
15153 14600
15199 14623
15175 14735
15167 14796
15141 14969
15103 15363
15105 15413
15199 15523
15141 15633
15153 15684
15103 15819
15133 15831
15183 15936
15169 15963
15115 16125
15171 16278
15165 16298
15153 16339
15109 16375
15171 16506
15109 16689
15123 16783
15173 16806
15177 16813
15177 16814
15113 16842
15123 16895
15153 17012
15135 17030
15125 17058
15195 17121
15145 17177
15107 17212
15125 17292
15141 17501
15175 17543
15139 17659
15105 17686
15177 17692
15125 17754
15165 17955
15141 18007
15135 18130
15109 18445
15133 18491
15171 18990
15135 19541
15193 19675
15183 19888
