100000000:P:1:2:257
15201 1013
15225 1017
15261 1034
15293 1048
15249 1075
15207 1084
15277 1085
15203 1106
15251 1122
15215 1130
15235 1145
15289 1153
15235 1155
15233 1162
15277 1173
15215 1202
15261 1210
15279 1212
15217 1217
15203 1224
15243 1224
15245 1248
15271 1251
15287 1256
15267 1262
15273 1264
15203 1268
15239 1272
15227 1308
15207 1325
15215 1328
15293 1330
15225 1334
15291 1338
15275 1348
15255 1365
15263 1388
15201 1394
15287 1396
15285 1403
15267 1409
15203 1434
15231 1434
15205 1435
15259 1451
15203 1458
15257 1458
15297 1464
15219 1483
15273 1500
15297 1536
15237 1545
15235 1549
15211 1555
15203 1558
15205 1559
15221 1570
15229 1581
15249 1581
15259 1581
15277 1581
15279 1595
15235 1603
15249 1607
15259 1611
15269 1612
15273 1614
15217 1625
15267 1629
15235 1647
15235 1669
15225 1674
15263 1684
15271 1689
15273 1692
15201 1706
15251 1738
15267 1780
15267 1782
15225 1807
15221 1818
15295 1829
15221 1838
15293 1838
15263 1852
15241 1893
15249 1899
15215 1908
15249 1916
15249 1920
15231 1939
15211 1949
15297 1954
15201 1967
15211 1975
15273 1978
15291 1995
15239 1996
15209 2032
15271 2043
15275 2050
15249 2080
15291 2083
15259 2085
15201 2118
15263 2122
15273 2143
15237 2158
15287 2170
15291 2178
15215 2214
15263 2278
15259 2287
15275 2312
15251 2314
15293 2314
15207 2332
15237 2338
15207 2365
15235 2373
15249 2381
15275 2398
15243 2400
15245 2400
15213 2418
15245 2436
15279 2439
15249 2473
15231 2474
15213 2476
15279 2503
15235 2519
15211 2537
15267 2538
15223 2543
15273 2604
15255 2605
15233 2626
15201 2651
15229 2655
15259 2655
15289 2663
15287 2666
15293 2678
15285 2697
15221 2734
15209 2776
15215 2796
15211 2815
15241 2829
15299 2832
15277 2841
15231 2854
15273 2879
15249 2928
15245 2934
15273 2938
15207 2941
15267 2977
15265 2995
15243 2996
15283 3051
15229 3063
15273 3070
15207 3102
15291 3154
15267 3201
15247 3205
15297 3216
15259 3241
15207 3274
15267 3290
15293 3384
15209 3388
15211 3395
15279 3396
15211 3447
15259 3501
15233 3526
15279 3573
15291 3594
15249 3600
15273 3664
15207 3692
15255 3768
15213 3778
15225 3782
15229 3783
15243 3792
15231 3867
15225 3957
15253 3979
15265 4021
15237 4038
15273 4054
15293 4060
15267 4116
15293 4136
15271 4181
15213 4248
15273 4278
15253 4279
15271 4283
15279 4332
15241 4365
15261 4403
15281 4422
15249 4459
15219 4463
15243 4500
15235 4553
15213 4564
15205 4579
15265 4601
15277 4613
15229 4619
15255 4632
15215 4652
15293 4658
15289 4663
15257 4682
15281 4710
15225 4721
15209 4756
15209 4772
15271 4773
15279 4780
15279 4787
15223 4811
15213 4818
15213 4822
15231 4846
15245 4846
15205 4859
15269 4864
15211 4919
15287 5000
15297 5005
15243 5016
15245 5030
15245 5062
15241 5119
15249 5165
15273 5174
15249 5203
15243 5228
15265 5231
15205 5249
15287 5264
15279 5272
15283 5343
15205 5359
15267 5369
15281 5370
15239 5380
15281 5390
15225 5442
15247 5473
15225 5517
15251 5518
15263 5526
15209 5532
15217 5597
15207 5600
15257 5622
15235 5783
15235 5789
15247 5821
15235 5845
15223 5887
15273 5924
15275 5944
15293 5950
15291 5975
15263 5978
15255 6051
15293 6076
15201 6153
15267 6153
15217 6185
15233 6196
15225 6245
15229 6255
15275 6266
15249 6316
15225 6374
15271 6407
15237 6437
15213 6442
15275 6562
15269 6576
15221 6646
15237 6662
15267 6706
15277 6765
15203 6814
15203 6986
15291 7041
15277 7089
15249 7313
15273 7372
15279 7384
15217 7409
15245 7422
15231 7447
15293 7636
15243 7644
15233 7676
15215 7692
15237 7710
15265 7725
15217 7805
15239 7816
15297 7834
15259 7903
15207 8029
15241 8293
15279 8327
15267 8350
15259 8421
15225 8516
15293 8568
15203 8582
15249 8688
15231 8689
15291 8739
15291 8753
15277 8765
15259 8823
15273 8832
15285 8876
15231 8989
15235 9033
15215 9146
15287 9436
15275 9442
15297 9564
15253 9567
15225 9591
15259 9603
15265 9683
15255 9687
15237 9758
15209 9944
15219 10183
15237 10244
15225 10262
15211 10435
15201 10479
15255 10593
15291 10593
15291 10623
15297 10642
15205 10693
15243 10772
15225 10829
15255 10890
15237 10905
15273 10908
15215 10944
15263 11018
15227 11208
15271 11289
15263 11294
15295 11327
15215 11520
15263 11572
15213 11580
15235 11797
15249 11824
15265 11869
15203 11958
15297 11961
15213 11994
15281 12038
15239 12144
15257 12326
15229 12479
15263 12570
15213 12700
15265 12721
15291 12818
15211 12831
15297 13008
15271 13137
15237 13538
15243 13703
15259 13871
15237 13928
15251 13934
15217 14025
15255 14079
15237 14162
15289 14183
15255 14211
15251 14234
15253 14431
15245 14446
15225 14481
15245 14526
15275 14564
15243 14691
15235 14917
15205 15107
15239 15136
15273 15283
15223 15383
15295 15383
15299 15392
15225 15557
15213 15792
15265 15809
15271 16161
15211 16253
15265 16365
15225 16441
15285 16913
15249 16916
15211 17029
15225 17167
15291 17595
15297 17661
15279 18069
15235 18165
15267 18398
15255 18447
15225 18489
15297 18612
15279 18648
15215 18726
15275 18866
15231 18941
15211 18967
15297 19050
15245 19054
15275 19148
15255 19392
15219 19453
15293 19876
15277 19885
15211 19891
