100000000:P:1:2:257
15375 1011
15357 1038
15399 1039
15369 1041
15321 1043
15351 1045
15355 1047
15353 1048
15391 1063
15315 1071
15301 1073
15315 1084
15331 1085
15303 1087
15375 1093
15333 1104
15379 1127
15385 1129
15305 1132
15349 1137
15393 1143
15345 1145
15345 1151
15315 1154
15387 1162
15377 1166
15379 1169
15397 1169
15351 1173
15385 1179
15301 1189
15351 1198
15349 1199
15313 1203
15345 1204
15315 1207
15385 1211
15369 1212
15399 1223
15351 1226
15385 1229
15341 1230
15303 1244
15393 1252
15315 1256
15383 1272
15331 1289
15353 1290
15327 1292
15323 1308
15379 1309
15389 1312
15323 1322
15317 1324
15385 1347
15347 1348
15327 1350
15351 1370
15365 1378
15345 1393
15305 1410
15393 1414
15353 1426
15395 1434
15347 1448
15391 1451
15345 1456
15383 1464
15327 1476
15339 1488
15379 1489
15343 1499
15375 1501
15323 1508
15377 1518
15317 1534
15335 1542
15323 1554
15311 1566
15341 1578
15333 1584
15383 1584
15351 1586
15339 1591
15375 1599
15371 1610
15399 1636
15339 1639
15337 1665
15383 1682
15363 1704
15381 1707
15319 1725
15323 1736
15323 1740
15375 1752
15347 1766
15389 1780
15387 1793
15399 1800
15341 1806
15327 1817
15387 1822
15381 1825
15333 1834
15339 1867
15377 1888
15309 1899
15301 1901
15329 1936
15393 1936
15309 1940
15363 1951
15391 1991
15321 1997
15339 1999
15381 2011
15343 2027
15309 2028
15397 2049
15365 2080
15383 2088
15337 2117
15345 2128
15307 2165
15345 2170
15377 2178
15305 2184
15333 2186
15343 2207
15389 2228
15383 2232
15357 2246
15321 2249
15375 2261
15375 2262
15347 2276
15363 2360
15379 2367
15379 2371
15317 2374
15349 2389
15393 2390
15351 2402
15363 2408
15393 2427
15343 2479
15305 2514
15323 2534
15351 2535
15347 2536
15357 2552
15399 2561
15303 2576
15335 2576
15399 2611
15337 2617
15347 2630
15319 2669
15365 2710
15379 2725
15377 2772
15377 2796
15333 2798
15349 2815
15357 2868
15387 2896
15375 2903
15357 2906
15345 2914
15377 2914
15393 2927
15315 2951
15333 3023
15369 3033
15329 3040
15321 3051
15363 3092
15383 3120
15317 3130
15323 3132
15301 3155
15317 3158
15397 3213
15395 3238
15393 3250
15393 3287
15359 3328
15351 3338
15395 3340
15363 3344
15337 3353
15347 3366
15323 3396
15343 3423
15375 3446
15351 3506
15387 3550
15381 3577
15305 3654
15307 3685
15387 3688
15317 3700
15375 3703
15323 3716
15379 3727
15377 3738
15369 3753
15399 3771
15345 3820
15371 3846
15351 3883
15393 3894
15377 3906
15381 3919
15331 3925
15363 3944
15345 3973
15303 4010
15391 4037
15393 4079
15351 4098
15385 4101
15383 4110
15319 4139
15339 4197
15309 4199
15303 4216
15359 4276
15387 4276
15357 4284
15361 4287
15393 4310
15351 4343
15399 4367
15315 4369
15363 4378
15387 4378
15391 4433
15393 4450
15307 4513
15321 4538
15319 4555
15361 4579
15357 4602
15351 4670
15387 4709
15399 4712
15325 4785
15363 4795
15323 4808
15305 4820
15365 4880
15385 4885
15331 4913
15351 4986
15391 5017
15385 5025
15321 5049
15359 5104
15347 5140
15331 5203
15351 5223
15303 5300
15391 5313
15377 5366
15379 5375
15315 5384
15381 5385
15325 5431
15361 5443
15341 5450
15387 5498
15361 5623
15361 5643
15365 5690
15301 5731
15393 5752
15307 5825
15343 5835
15337 5861
15361 5917
15385 5931
15321 5957
15301 5963
15323 5976
15309 5983
15315 6008
15339 6064
15319 6065
15345 6212
15395 6376
15393 6387
15391 6391
15301 6543
15333 6562
15393 6570
15385 6577
15391 6607
15395 6624
15361 6627
15301 6687
15349 6697
15395 6712
15393 6766
15333 6840
15357 6877
15377 6882
15303 7016
15345 7034
15389 7056
15345 7169
15399 7229
15339 7432
15329 7444
15315 7497
15347 7568
15393 7587
15323 7602
15339 7632
15393 7670
15335 7722
15305 7724
15309 7748
15333 7758
15305 7784
15383 7790
15393 7882
15393 7916
15313 7935
15345 8057
15303 8182
15335 8196
15327 8232
15345 8302
15305 8370
15351 8447
15341 8454
15385 8655
15387 8710
15315 8716
15331 8795
15363 8812
15345 8852
15323 8922
15385 9005
15383 9018
15309 9095
15365 9132
15343 9143
15317 9232
15329 9232
15369 9303
15347 9438
15381 9567
15305 9584
15347 9686
15383 9704
15315 9726
15313 9807
15363 9831
15387 9836
15387 9841
15345 9875
15371 10034
15327 10110
15327 10116
15345 10232
15323 10244
15351 10367
15375 10411
15367 10473
15379 10507
15395 10536
15383 10572
15385 10657
15349 10767
15363 10830
15323 10858
15385 10881
15315 10946
15389 10980
15387 11008
15393 11091
15379 11155
15331 11161
15383 11298
15399 11301
15357 11361
15345 11371
15333 11562
15335 11622
15309 11663
15369 11663
15363 11664
15349 11665
15345 11687
15303 11791
15399 11843
15363 11855
15331 12011
15323 12062
15363 12164
15301 12275
15363 12330
15391 12341
15329 12344
15381 12459
15353 12480
15379 12591
15391 12633
15333 12814
15347 12832
15391 12953
15383 12954
15323 12966
15333 13026
15345 13211
15399 13292
15399 13383
15307 13437
15391 13453
15309 13603
15305 13732
15303 13766
15371 13806
15375 13812
15387 13913
15301 14165
15315 14613
15321 14805
15327 14961
15345 15076
15303 15103
15353 15276
15387 15370
15351 15378
15331 15499
15327 15657
15345 15658
15361 15713
15375 15728
15379 15745
15363 15811
15393 15823
15383 15848
15389 15888
15393 15999
15321 16427
15387 16882
15335 16898
15381 16959
15311 17106
15317 17138
15305 17150
15383 17150
15349 17209
15343 17235
15349 17309
15379 17485
15309 17571
15303 17576
15357 17724
15351 17815
15319 18419
15301 18453
15393 18496
15393 18503
15345 18509
15357 18513
15301 18573
15327 18701
15359 18944
15353 19060
15361 19459
15317 19528
15377 19648
15397 19733
15379 19791
15333 19811
15391 19895
15351 19910
