95395357:P:1:2:257
15405 1012
15413 1020
15461 1022
15405 1023
15465 1027
15487 1029
15435 1031
15483 1047
15447 1061
15417 1066
15447 1069
15417 1076
15481 1079
15469 1081
15417 1129
15485 1142
15463 1143
15455 1144
15417 1157
15455 1182
15455 1214
15417 1216
15489 1216
15481 1227
15477 1234
15437 1242
15473 1252
15485 1252
15475 1253
15477 1253
15487 1253
15413 1260
15487 1281
15477 1288
15455 1290
15463 1299
15469 1299
15421 1309
15405 1311
15463 1319
15465 1330
15447 1346
15433 1347
15483 1347
15425 1356
15431 1358
15471 1358
15465 1368
15495 1370
15499 1385
15413 1392
15483 1420
15485 1420
15447 1421
15471 1441
15401 1462
15459 1465
15491 1474
15423 1482
15435 1482
15405 1491
15485 1492
15457 1493
15401 1498
15465 1512
15495 1520
15483 1523
15429 1549
15435 1565
15461 1614
15429 1616
15471 1625
15413 1630
15459 1635
15449 1652
15489 1653
15477 1704
15465 1740
15499 1765
15455 1772
15417 1789
15471 1798
15499 1825
15487 1829
15405 1848
15459 1852
15431 1858
15483 1872
15409 1873
15459 1897
15437 1902
15475 1903
15467 1904
15445 1907
15405 1909
15417 1916
15429 1921
15443 1940
15485 1972
15483 1990
15447 1993
15409 1995
15415 2005
15457 2033
15443 2038
15421 2041
15435 2042
15475 2069
15461 2102
15475 2189
15473 2202
15433 2215
15445 2243
15465 2247
15475 2249
15489 2249
15407 2262
15461 2274
15469 2287
15443 2294
15499 2311
15429 2312
15469 2339
15465 2344
15417 2365
15449 2400
15417 2405
15455 2410
15411 2487
15459 2516
15435 2537
15431 2550
15405 2577
15415 2599
15423 2635
15429 2639
15459 2641
15469 2649
15455 2654
15489 2667
15471 2695
15405 2731
15485 2738
15403 2739
15465 2748
15459 2760
15485 2782
15465 2802
15445 2815
15493 2815
15467 2816
15441 2881
15451 2889
15401 2894
15487 2917
15453 2918
15449 2920
15459 2923
15499 2947
15473 2952
15471 3022
15415 3065
15413 3082
15433 3115
15457 3121
15429 3181
15417 3253
15469 3279
15469 3307
15417 3317
15481 3323
15429 3331
15483 3376
15455 3386
15405 3420
15499 3443
15475 3493
15425 3554
15433 3567
15459 3605
15489 3673
15485 3680
15483 3692
15405 3722
15429 3736
15451 3765
15427 3809
15499 3851
15489 3872
15407 3944
15475 3945
15443 3950
15407 3984
15405 4010
15489 4016
15437 4020
15431 4022
15497 4062
15425 4088
15431 4102
15445 4175
15417 4192
15417 4197
15443 4210
15477 4241
15475 4255
15455 4282
15491 4298
15453 4299
15405 4324
15427 4369
15415 4381
15483 4383
15471 4423
15495 4439
15435 4442
15489 4465
15413 4470
15491 4546
15403 4555
15453 4592
15481 4617
15499 4621
15403 4631
15445 4675
15435 4680
15435 4686
15407 4710
15485 4720
15471 4841
15403 4867
15465 4888
15469 4911
15489 4944
15477 5014
15477 5020
15483 5032
15447 5074
15445 5077
15425 5148
15499 5153
15463 5163
15483 5280
15445 5323
15475 5347
15455 5452
15405 5535
15471 5542
15415 5551
15447 5585
15483 5635
15459 5717
15483 5728
15455 5732
15459 5791
15455 5852
15449 5944
15435 5946
15473 5950
15441 5955
15443 5956
15483 5958
15497 5986
15453 5996
15435 6000
15447 6025
15441 6059
15489 6156
15449 6164
15447 6246
15441 6285
15405 6303
15435 6343
15453 6356
15413 6380
15495 6416
15463 6423
15483 6424
15413 6468
15489 6508
15407 6716
15453 6819
15497 6842
15455 6892
15471 6922
15439 6959
15489 7016
15417 7024
15411 7085
15489 7093
15417 7162
15459 7193
15481 7209
15435 7251
15443 7390
15489 7413
15465 7482
15459 7536
15421 7547
15489 7547
15477 7724
15435 7802
15417 7934
15453 8003
15463 8039
15405 8067
15447 8118
15411 8226
15441 8238
15483 8307
15455 8336
15483 8382
15441 8385
15489 8704
15489 8713
15443 8828
15489 8832
15443 8852
15455 8926
15477 9344
15421 9501
15423 9535
15413 9576
15489 9611
15485 9662
15455 9666
15431 9758
15473 9780
15441 9839
15447 9921
15499 9985
15465 10186
15461 10254
15441 10335
15425 10484
15459 10509
15437 10554
15465 10620
15489 10656
15443 10706
15499 10751
15431 10782
15483 10887
15495 11234
15485 11290
15497 11296
15405 11297
15417 11462
15411 11570
15411 11637
15495 11639
15447 11688
15427 11689
15471 12022
15437 12210
15471 12277
15409 12327
15499 12383
15493 12387
15499 12579
15459 12720
15489 12747
15443 12770
15413 12788
15435 12806
15471 12911
15421 13059
15457 13061
15497 13088
15475 13169
15439 13179
15413 13380
15453 13466
15499 13517
15481 13547
15429 13621
15423 13759
15459 13771
15407 13784
15483 13982
15473 14054
15483 14060
15415 14125
15417 14218
15473 14482
15427 14577
15409 14605
15489 14769
15489 14904
15455 15214
15465 15480
15497 15802
15489 15937
15405 16213
15459 16260
15461 16302
15455 16374
15407 16508
15415 16585
15413 16786
15409 16837
15429 16900
15497 16922
15455 17040
15483 17088
15439 17199
15475 17299
15441 17339
15475 17425
15483 17524
15419 17732
15405 17742
15405 17758
15441 17845
15477 17861
15417 17914
15407 17938
15417 18074
15495 18185
15497 18222
15479 18264
15489 18291
15475 19519
15455 19554
15475 19567
15489 19752
15497 19868
15479 19992
