95395357:P:1:2:257
15571 1013
15501 1017
15593 1026
15561 1034
15561 1042
15593 1056
15533 1062
15531 1066
15505 1067
15595 1095
15557 1098
15525 1106
15511 1107
15525 1111
15549 1120
15575 1136
15567 1137
15575 1146
15515 1150
15533 1158
15555 1162
15505 1165
15513 1168
15511 1203
15547 1205
15525 1207
15535 1207
15503 1214
15593 1226
15559 1245
15537 1257
15545 1300
15537 1305
15557 1308
15575 1310
15595 1325
15549 1336
15531 1339
15579 1344
15513 1364
15545 1376
15573 1378
15501 1397
15527 1414
15511 1417
15587 1420
15579 1421
15535 1429
15531 1438
15579 1440
15555 1448
15575 1448
15587 1456
15507 1468
15567 1500
15565 1539
15535 1555
15561 1571
15589 1575
15545 1600
15561 1611
15571 1627
15573 1628
15595 1635
15575 1636
15533 1638
15531 1646
15567 1656
15513 1676
15513 1688
15525 1699
15545 1700
15575 1710
15531 1713
15589 1723
15505 1747
15519 1748
15573 1762
15571 1767
15529 1775
15589 1777
15567 1784
15557 1796
15559 1823
15515 1868
15581 1878
15533 1896
15575 1904
15567 1916
15575 1928
15573 1932
15537 1965
15583 1975
15567 1976
15545 2014
15543 2015
15543 2019
15599 2024
15559 2049
15561 2070
15591 2082
15589 2083
15501 2087
15535 2107
15523 2123
15511 2141
15573 2164
15563 2166
15557 2174
15593 2204
15501 2207
15515 2228
15541 2243
15533 2292
15507 2316
15567 2341
15587 2342
15531 2382
15547 2389
15547 2445
15573 2475
15537 2478
15501 2503
15559 2507
15515 2550
15543 2550
15549 2557
15545 2570
15599 2578
15587 2600
15593 2600
15533 2602
15543 2614
15507 2622
15519 2672
15593 2676
15591 2683
15503 2710
15507 2721
15579 2724
15567 2764
15537 2778
15563 2782
15563 2808
15509 2832
15541 2855
15537 2888
15577 2893
15577 2913
15541 2957
15571 2969
15593 3024
15579 3057
15545 3060
15595 3061
15555 3068
15567 3068
15565 3071
15529 3075
15575 3116
15555 3125
15567 3132
15515 3142
15503 3144
15555 3152
15541 3167
15589 3197
15573 3212
15561 3231
15581 3234
15595 3243
15563 3276
15595 3293
15561 3295
15515 3358
15513 3398
15543 3454
15593 3464
15543 3522
15503 3536
15573 3554
15561 3574
15533 3706
15533 3712
15563 3726
15587 3764
15561 3767
15577 3789
15567 3830
15535 3831
15561 3861
15563 3942
15547 4029
15515 4032
15541 4067
15587 4104
15513 4151
15513 4187
15525 4204
15523 4323
15531 4354
15585 4438
15529 4443
15547 4589
15503 4654
15585 4707
15557 4718
15543 4744
15575 4774
15565 4871
15513 4934
15561 4949
15543 4979
15525 5019
15537 5025
15577 5053
15567 5088
15565 5121
15501 5142
15507 5188
15503 5190
15589 5217
15549 5227
15527 5266
15567 5305
15545 5338
15549 5415
15525 5424
15587 5476
15529 5511
15591 5646
15535 5659
15561 5707
15519 5753
15593 5768
15519 6000
15521 6046
15549 6103
15537 6170
15565 6189
15563 6316
15501 6331
15501 6333
15509 6368
15541 6437
15569 6440
15503 6496
15559 6507
15541 6553
15549 6700
15583 6811
15545 6840
15549 6855
15585 6887
15567 6962
15579 7080
15537 7104
15573 7202
15507 7206
15583 7231
15543 7239
15505 7249
15593 7292
15559 7363
15575 7424
15573 7531
15561 7665
15545 7876
15543 7886
15567 7898
15571 7927
15525 8043
15585 8101
15583 8155
15577 8265
15531 8378
15519 8423
15573 8443
15563 8608
15545 8644
15507 8656
15587 8714
15571 8843
15599 8944
15559 8959
15579 9000
15507 9049
15543 9107
15543 9152
15587 9166
15543 9167
15591 9211
15595 9211
15579 9257
15567 9337
15569 9440
15567 9485
15559 9697
15585 10031
15587 10274
15591 10315
15589 10373
15561 10462
15599 10492
15535 10689
15573 10711
15545 10720
15525 10792
15567 10961
15593 10986
15589 11013
15579 11099
15567 11138
15551 11270
15599 11364
15539 11380
15597 11401
15559 11599
15513 11608
15543 11708
15507 11838
15591 11923
15527 11980
15531 12338
15567 12397
15513 12491
15585 12573
15511 12625
15519 12695
15539 12724
15599 12824
15575 12896
15587 13076
15575 13460
15525 13786
15543 13855
15561 13901
15535 13915
15549 13983
15511 14153
15513 14216
15555 14458
15527 14540
15593 14544
15589 14683
15583 14687
15501 14762
15543 14974
15505 15067
15525 15204
15511 15271
15573 15391
15545 15426
15545 15474
15561 15518
15511 15627
15549 15769
15575 15784
15585 15847
15555 16157
15579 16188
15595 16275
15545 16488
15557 16610
15585 16806
15529 16841
15567 17336
15599 17464
15561 17561
15575 17632
15505 17787
15563 17802
15525 17833
15591 17851
15501 17861
15503 18000
15531 18126
15515 18144
15569 18160
15505 18229
15585 18342
15565 18399
15531 18490
15525 18497
15573 18794
15555 18919
15501 18977
15593 19020
15595 19121
15571 19219
15531 19441
15511 19827
15531 19931
