500000000:M:1:2:258
10062195 1
10066485 1
10105095 1
10122255 1
10126545 1
10165155 1
10173735 1
10186605 1
10190895 1
10203765 1
10220925 1
10233795 1
10250955 1
10255245 1
10263825 1
10272405 1
10285275 1
10311015 1
10323885 1
10332465 1
10336755 1
10383945 1
10392525 1
10396815 1
10431135 1
10444005 1
10465455 1
10032165 2
10045035 2
10070775 2
10079355 2
10083645 2
10105095 2
10135125 2
10139415 2
10147995 2
10169445 2
10173735 2
10182315 2
10190895 2
10199475 2
10208055 2
10238085 2
10250955 2
10259535 2
10280985 2
10289565 2
10311015 2
10315305 2
10319595 2
10349625 2
10375365 2
10388235 2
10418265 2
10431135 2
10444005 2
10469745 2
10036455 3
10045035 3
10057905 3
10062195 3
10083645 3
10105095 3
10109385 3
10143705 3
10199475 3
10229505 3
10246665 3
10255245 3
10268115 3
10276695 3
10285275 3
10306725 3
10328175 3
10345335 3
10362495 3
10383945 3
10409685 3
10413975 3
10444005 3
10448295 3
10452585 3
10465455 3
10469745 3
10032165 4
10040745 4
10049325 4
10053615 4
10062195 4
10083645 4
10109385 4
10122255 4
10156575 4
10186605 4
10195185 4
10199475 4
10212345 4
10250955 4
10332465 4
10336755 4
10366785 4
10383945 4
10401105 4
10405395 4
10413975 4
10439715 4
10444005 4
10456875 4
10023585 5
10087935 5
10100805 5
10147995 5
10152285 5
10173735 5
10182315 5
10199475 5
10233795 5
10238085 5
10255245 5
10263825 5
10280985 5
10285275 5
10302435 5
10315305 5
10341045 5
10379655 5
10401105 5
10439715 5
10027875 6
10105095 6
10113675 6
10173735 6
10182315 6
10195185 6
10208055 6
10216635 6
10229505 6
10233795 6
10242375 6
10263825 6
10276695 6
10328175 6
10362495 6
10405395 6
10045035 7
10113675 7
10160865 7
10173735 7
10182315 7
10225215 7
10229505 7
10246665 7
10263825 7
10311015 7
10319595 7
10341045 7
10375365 7
10383945 7
10392525 7
10401105 7
10409685 7
10422555 7
10426845 7
10435425 7
10439715 7
10469745 7
10057905 8
10062195 8
10079355 8
10105095 8
10117965 8
10147995 8
10178025 8
10195185 8
10199475 8
10220925 8
10250955 8
10298145 8
10328175 8
10341045 8
10345335 8
10375365 8
10422555 8
10027875 9
10062195 9
10075065 9
10096515 9
10109385 9
10117965 9
10126545 9
10156575 9
10186605 9
10199475 9
10229505 9
10233795 9
10272405 9
10276695 9
10293855 9
10323885 9
10336755 9
10358205 9
10366785 9
10375365 9
10379655 9
10405395 9
10422555 9
10469745 9
10092225 10
10105095 10
10113675 10
10135125 10
10169445 10
10255245 10
10259535 10
10263825 10
10276695 10
10293855 10
10319595 10
10396815 10
10409685 10
10435425 10
10456875 10
10027875 11
10100805 11
10105095 11
10113675 11
10152285 11
10242375 11
10250955 11
10263825 11
10272405 11
10302435 11
10311015 11
10328175 11
10332465 11
10362495 11
10375365 11
10392525 11
10413975 11
10422555 11
10452585 11
10032165 12
10045035 12
10053615 12
10066485 12
10083645 12
10122255 12
10165155 12
10173735 12
10178025 12
10182315 12
10186605 12
10195185 12
10212345 12
10238085 12
10255245 12
10276695 12
10285275 12
10289565 12
10293855 12
10298145 12
10302435 12
10332465 12
10349625 12
10358205 12
10439715 12
10444005 12
10448295 12
10456875 12
10465455 12
10036455 13
10045035 13
10070775 13
10096515 13
10135125 13
10190895 13
10199475 13
10246665 13
10255245 13
10280985 13
10289565 13
10353915 13
10383945 13
10456875 13
10023585 14
10092225 14
10100805 14
10105095 14
10122255 14
10160865 14
10173735 14
10220925 14
10233795 14
10280985 14
10311015 14
10315305 14
10341045 14
10379655 14
10383945 14
10401105 14
10405395 14
10413975 14
10422555 14
10032165 15
10036455 15
10049325 15
10062195 15
10135125 15
10147995 15
10165155 15
10182315 15
10208055 15
10276695 15
10306725 15
10328175 15
10366785 15
10444005 15
10036455 16
10053615 16
10083645 16
10100805 16
10105095 16
10109385 16
10122255 16
10130835 16
10165155 16
10173735 16
10255245 16
10289565 16
10341045 16
10396815 16
10461165 16
10109385 17
10130835 17
10135125 17
10169445 17
10199475 17
10229505 17
10238085 17
10259535 17
10285275 17
10298145 17
10323885 17
10328175 17
10332465 17
10341045 17
10379655 17
10452585 17
10465455 17
10032165 18
10062195 18
10075065 18
10083645 18
10156575 18
10178025 18
10216635 18
10229505 18
10238085 18
10323885 18
10353915 18
10362495 18
10405395 18
10418265 18
10426845 18
10032165 19
10062195 19
10130835 19
10135125 19
10143705 19
10169445 19
10203765 19
10246665 19
10255245 19
10272405 19
10323885 19
10405395 19
10444005 19
10456875 19
10019295 20
10032165 20
10070775 20
10075065 20
10083645 20
10109385 20
10130835 20
10135125 20
10152285 20
10190895 20
10220925 20
10250955 20
10255245 20
10259535 20
10263825 20
10358205 20
10375365 20
10405395 20
10139415 21
10152285 21
10182315 21
10233795 21
10263825 21
10306725 21
10323885 21
10332465 21
10375365 21
10053615 22
10113675 22
10135125 22
10143705 22
10165155 22
10203765 22
10212345 22
10259535 22
10272405 22
10293855 22
10366785 22
10401105 22
10435425 22
10439715 22
10452585 22
10461165 22
10023585 23
10062195 23
10122255 23
10225215 23
10229505 23
10255245 23
10268115 23
10332465 23
10353915 23
10371075 23
10375365 23
10422555 23
10435425 23
10448295 23
10092225 24
10208055 24
10302435 24
10392525 24
10396815 24
10456875 24
10023585 25
10036455 25
10053615 25
10156575 25
10186605 25
10195185 25
10250955 25
10276695 25
10280985 25
10302435 25
10341045 25
10353915 25
10366785 25
10375365 25
10422555 25
10431135 25
10439715 25
10456875 25
10469745 25
10040745 26
10045035 26
10062195 26
10100805 26
10113675 26
10143705 26
10152285 26
10212345 26
10220925 26
10250955 26
10285275 26
10293855 26
10311015 26
10349625 26
10362495 26
10392525 26
10409685 26
10439715 26
10444005 26
10023585 27
10032165 27
10057905 27
10083645 27
10096515 27
10105095 27
10122255 27
10173735 27
10242375 27
10255245 27
10298145 27
10349625 27
10375365 27
10388235 27
10448295 27
10062195 28
10083645 28
10109385 28
10113675 28
10169445 28
10173735 28
10195185 28
10225215 28
10229505 28
10315305 28
10341045 28
10426845 28
10431135 28
10105095 29
10109385 29
10139415 29
10190895 29
10229505 29
10238085 29
10242375 29
10289565 29
10311015 29
10315305 29
10323885 29
10341045 29
10345335 29
10388235 29
10444005 29
10452585 29
10109385 30
10173735 30
10293855 30
10306725 30
10019295 31
10070775 31
10122255 31
10143705 31
10160865 31
10165155 31
10186605 31
10306725 31
10349625 31
10362495 31
10405395 31
10409685 31
10413975 31
10435425 31
10023585 32
10062195 32
10105095 32
10109385 32
10190895 32
10323885 32
10388235 32
10392525 32
10401105 32
10461165 32
10045035 33
10087935 33
10096515 33
10105095 33
10113675 33
10126545 33
10135125 33
10199475 33
10208055 33
10259535 33
10285275 33
10298145 33
10306725 33
10323885 33
10358205 33
10452585 33
10036455 34
10040745 34
10053615 34
10096515 34
10105095 34
10199475 34
10255245 34
10272405 34
10323885 34
10345335 34
10396815 34
10401105 34
10405395 34
10452585 34
10461165 34
10019295 35
10053615 35
10057905 35
10070775 35
10087935 35
10152285 35
10169445 35
10178025 35
10190895 35
10208055 35
10379655 35
10401105 35
10405395 35
10418265 35
10032165 36
10036455 36
10066485 36
10092225 36
10165155 36
10246665 36
10298145 36
10302435 36
10319595 36
10388235 36
10405395 36
10036455 37
10045035 37
10062195 37
10066485 37
10109385 37
10156575 37
10216635 37
10229505 37
10315305 37
10379655 37
10392525 37
10413975 37
10431135 37
10057905 38
10062195 38
10147995 38
10190895 38
10212345 38
10280985 38
10315305 38
10413975 38
10431135 38
10023585 39
10225215 39
10229505 39
10306725 39
10315305 39
10332465 39
10358205 39
10409685 39
10426845 39
10439715 39
10456875 39
10062195 40
10075065 40
10083645 40
10092225 40
10109385 40
10195185 40
10212345 40
10216635 40
10366785 40
10401105 40
10413975 40
10023585 41
10027875 41
10040745 41
10075065 41
10092225 41
10109385 41
10139415 41
10147995 41
10152285 41
10160865 41
10229505 41
10233795 41
10238085 41
10285275 41
10341045 41
10388235 41
10452585 41
10023585 42
10032165 42
10036455 42
10083645 42
10173735 42
10259535 42
10285275 42
10336755 42
10426845 42
10435425 42
10469745 42
10023585 43
10036455 43
10045035 43
10096515 43
10259535 43
10383945 43
10392525 43
10435425 43
10452585 43
10092225 44
10100805 44
10268115 44
10280985 44
10323885 44
10328175 44
10345335 44
10405395 44
10413975 44
10049325 45
10053615 45
10075065 45
10105095 45
10143705 45
10156575 45
10173735 45
10353915 45
10409685 45
10435425 45
10444005 45
10032165 46
10075065 46
10122255 46
10160865 46
10379655 46
10027875 47
10070775 47
10083645 47
10100805 47
10113675 47
10165155 47
10178025 47
10225215 47
10280985 47
10362495 47
10383945 47
10401105 47
10083645 48
10122255 48
10229505 48
10255245 48
10276695 48
10298145 48
10306725 48
10345335 48
10409685 48
10448295 48
10126545 49
10130835 49
10160865 49
10212345 49
10250955 49
10263825 49
10353915 49
10396815 49
10401105 49
10087935 50
10178025 50
10255245 50
10311015 50
10345335 50
10435425 50
10448295 50
10461165 50
10105095 51
10109385 51
10169445 51
10306725 51
10323885 51
10435425 51
10032165 52
10036455 52
10092225 52
10096515 52
10109385 52
10135125 52
10203765 52
10255245 52
10276695 52
10302435 52
10319595 52
10349625 52
10362495 52
10371075 52
10409685 52
10422555 52
10456875 52
10070775 53
10379655 53
10409685 53
10439715 53
10027875 54
10049325 54
10057905 54
10062195 54
10117965 54
10195185 54
10263825 54
10268115 54
10302435 54
10392525 54
10409685 54
10448295 54
10105095 55
10225215 55
10233795 55
10255245 55
10366785 55
10409685 55
10413975 55
10435425 55
10023585 56
10070775 56
10079355 56
10147995 56
10229505 56
10293855 56
10358205 56
10379655 56
10409685 56
10422555 56
10057905 57
10139415 57
10199475 57
10358205 57
10366785 57
10388235 57
10465455 57
10469745 57
10062195 58
10079355 58
10143705 58
10156575 58
10242375 58
10255245 58
10289565 58
10302435 58
10366785 58
10444005 58
10040745 59
10070775 59
10079355 59
10087935 59
10092225 59
10122255 59
10160865 59
10199475 59
10238085 59
10255245 59
10259535 59
10298145 59
10315305 59
10431135 59
10435425 59
10057905 60
10079355 60
10122255 60
10135125 60
10139415 60
10298145 60
10336755 60
10435425 60
10032165 61
10165155 61
10229505 61
10259535 61
10280985 61
10336755 61
10383945 61
10435425 61
10465455 61
10083645 62
10143705 62
10147995 62
10195185 62
10358205 62
10388235 62
10405395 62
10413975 62
10418265 62
10049325 63
10117965 63
10139415 63
10203765 63
10225215 63
10259535 63
10276695 63
10328175 63
10358205 63
10383945 63
10439715 63
10448295 63
10053615 64
10079355 64
10126545 64
10139415 64
10156575 64
10169445 64
10216635 64
10315305 64
10371075 64
10379655 64
10019295 65
10135125 65
10169445 65
10199475 65
10263825 65
10268115 65
10379655 65
10401105 65
10431135 65
10448295 65
10092225 66
10126545 66
10276695 66
10302435 66
10383945 66
10426845 66
10036455 67
10045035 67
10066485 67
10096515 67
10126545 67
10259535 67
10311015 67
10341045 67
10452585 67
10053615 68
10113675 68
10259535 68
10315305 68
10371075 68
10388235 68
10435425 68
10465455 68
10229505 69
10113675 70
10165155 70
10169445 70
10173735 70
10212345 70
10255245 70
10259535 70
10263825 70
10383945 70
10456875 70
10229505 71
10259535 71
10332465 71
10353915 71
10388235 71
10439715 71
10027875 72
10225215 72
10238085 72
10246665 72
10276695 72
10366785 72
10045035 73
10092225 73
10186605 73
10233795 73
10285275 73
10311015 73
10092225 74
10100805 74
10105095 74
10117965 74
10165155 74
10272405 74
10349625 74
10405395 74
10409685 74
10019295 75
10045035 75
10062195 75
10066485 75
10087935 75
10122255 75
10143705 75
10199475 75
10328175 75
10396815 75
10126545 76
10242375 76
10272405 76
10341045 76
10173735 77
10182315 77
10195185 77
10332465 77
10413975 77
10448295 77
10461165 77
10465455 77
10023585 78
10049325 78
10113675 78
10122255 78
10208055 78
10302435 78
10465455 78
10139415 79
10306725 79
10401105 79
10100805 80
10152285 80
10345335 80
10461165 80
10019295 81
10053615 81
10109385 81
10319595 81
10379655 81
10032165 82
10066485 82
10083645 82
10092225 82
10246665 82
10272405 82
10426845 82
10032165 83
10122255 83
10143705 83
10328175 83
10358205 83
10371075 83
10405395 83
10444005 83
10452585 83
10036455 84
10096515 84
10122255 84
10165155 84
10208055 84
10293855 84
10383945 84
10409685 84
10036455 85
10092225 85
10263825 85
10285275 85
10323885 85
10341045 85
10345335 85
10396815 85
10023585 86
10139415 86
10169445 86
10233795 86
10263825 86
10353915 86
10379655 86
10413975 86
10045035 87
10246665 87
10276695 87
10293855 87
10396815 87
10422555 87
10435425 87
10045035 88
10092225 88
10109385 88
10212345 88
10285275 88
10336755 88
10341045 88
10366785 88
10401105 88
10452585 88
10465455 88
10135125 89
10139415 89
10225215 89
10233795 89
10255245 89
10293855 89
10353915 89
10422555 89
10452585 89
10465455 89
10057905 90
10105095 90
10139415 90
10173735 90
10323885 90
10405395 90
10426845 90
10070775 91
10130835 91
10250955 91
10255245 91
10315305 91
10319595 91
10383945 91
10405395 91
10452585 91
10461165 91
10083645 92
10113675 92
10315305 92
10341045 92
10444005 92
10461165 92
10032165 93
10117965 93
10319595 93
10323885 93
10328175 93
10452585 93
10469745 93
10293855 94
10405395 94
10469745 94
10182315 95
10190895 95
10220925 95
10255245 95
10298145 95
10439715 95
10066485 96
10178025 96
10212345 96
10315305 96
10345335 96
10349625 96
10366785 96
10169445 97
10341045 97
10452585 97
10165155 98
10169445 98
10220925 98
10285275 98
10345335 98
10409685 98
10238085 99
10259535 99
10379655 99
10426845 99
10469745 99
10023585 100
10053615 100
10083645 100
10139415 100
10332465 100
10405395 100
10079355 101
10371075 101
10122255 102
10135125 102
10246665 102
10268115 102
10276695 102
10362495 102
10366785 102
10396815 102
10066485 103
10100805 103
10212345 103
10311015 103
10319595 103
10392525 103
10405395 103
10465455 103
10027875 104
10032165 104
10057905 104
10075065 104
10272405 104
10289565 104
10323885 104
10341045 104
10353915 104
10431135 104
10242375 105
10246665 105
10276695 105
10319595 105
10345335 105
10199475 106
10255245 106
10259535 106
10276695 106
10049325 107
10092225 107
10135125 108
10165155 108
10238085 108
10439715 108
10448295 108
10066485 109
10139415 109
10169445 109
10173735 109
10212345 109
10250955 109
10289565 109
10452585 109
10083645 110
10117965 110
10259535 110
10272405 110
10289565 110
10328175 110
10341045 110
10023585 111
10057905 111
10139415 111
10396815 111
10422555 111
10105095 112
10233795 112
10246665 112
10311015 112
10422555 112
10027875 113
10353915 113
10032165 114
10105095 114
10358205 114
10388235 114
10405395 114
10456875 115
10469745 115
10169445 116
10319595 116
10332465 116
10341045 116
10409685 116
10049325 117
10135125 117
10255245 117
10272405 117
10293855 117
10426845 117
10105095 118
10143705 118
10195185 118
10272405 118
10401105 118
10422555 118
10435425 118
10105095 119
10169445 119
10182315 119
10250955 119
10298145 119
10375365 119
10105095 120
10190895 121
10212345 121
10323885 121
10405395 121
10409685 121
10139415 122
10255245 122
10087935 123
10105095 123
10113675 123
10186605 123
10375365 123
10276695 124
10152285 125
10250955 125
10285275 125
10383945 125
10418265 125
10096515 126
10199475 126
10259535 126
10293855 126
10323885 126
10405395 126
10426845 126
10036455 127
10285275 127
10319595 127
10426845 127
10083645 128
10212345 128
10087935 129
10126545 129
10178025 129
10328175 129
10345335 129
10422555 129
10053615 130
10066485 130
10092225 130
10311015 130
10109385 131
10173735 131
10212345 131
10298145 131
10302435 131
10353915 131
10173735 132
10302435 132
10323885 132
10465455 133
10040745 134
10049325 134
10203765 134
10242375 134
10323885 134
10341045 134
10431135 134
10465455 134
10027875 135
10062195 135
10075065 135
10079355 135
10173735 135
10178025 135
10268115 135
10405395 135
10032165 136
10203765 136
10426845 136
10019295 137
10079355 137
10199475 137
10272405 137
10358205 137
10375365 137
10238085 138
10156575 139
10255245 139
10409685 139
10019295 140
10255245 140
10328175 140
10345335 140
10405395 140
10165155 141
10195185 141
10229505 141
10298145 141
10362495 141
10405395 141
10469745 141
10169445 142
10285275 142
10336755 142
10328175 143
10362495 143
10444005 143
10448295 143
10053615 144
10199475 144
10336755 144
10439715 144
10036455 145
10130835 145
10152285 145
10315305 145
10319595 145
10371075 145
10087935 146
10152285 146
10208055 146
10250955 146
10405395 146
10422555 146
10105095 147
10169445 147
10233795 147
10392525 147
10079355 148
10113675 148
10122255 148
10186605 148
10195185 148
10212345 148
10220925 148
10246665 148
10255245 148
10293855 148
10383945 148
10431135 148
10439715 148
10049325 149
10053615 149
10070775 149
10139415 149
10169445 149
10319595 149
10461165 149
10032165 150
10272405 150
10418265 150
10062195 151
10139415 151
10220925 151
10456875 151
10280985 152
10036455 153
10199475 153
10319595 153
10388235 153
10444005 153
10401105 154
10040745 155
10087935 155
10328175 155
10444005 155
10452585 155
10461165 155
10036455 156
10045035 156
10122255 156
10259535 156
10448295 156
10190895 157
10396815 157
10444005 157
10452585 157
10032165 158
10053615 158
10083645 158
10117965 158
10332465 158
10341045 158
10379655 158
10401105 158
10405395 158
10465455 158
10032165 159
10233795 159
10049325 160
10323885 160
10409685 160
10066485 162
10139415 162
10203765 162
10272405 162
10366785 162
10165155 163
10216635 163
10276695 163
10075065 164
10182315 164
10220925 164
10439715 164
10092225 165
10165155 165
10173735 165
10212345 165
10328175 165
10366785 165
10439715 165
10452585 165
10070775 166
10186605 166
10259535 166
10349625 166
10353915 166
10405395 166
10422555 166
10019295 167
10173735 167
10190895 167
10465455 167
10019295 168
10032165 168
10105095 168
10122255 168
10147995 168
10293855 168
10315305 168
10383945 168
10465455 168
10255245 169
10371075 169
10469745 169
10083645 170
10375365 170
10431135 170
10448295 170
10143705 171
10379655 171
10023585 172
10019295 173
10045035 173
10075065 173
10023585 174
10268115 174
10143705 175
10280985 175
10315305 175
10165155 176
10323885 176
10328175 176
10349625 176
10431135 176
10465455 176
10366785 177
10311015 178
10371075 178
10431135 178
10456875 178
10190895 179
10272405 179
10036455 180
10109385 180
10135125 180
10388235 180
10444005 180
10289565 181
10444005 181
10027875 182
10173735 182
10242375 182
10293855 182
10315305 182
10345335 182
10182315 183
10195185 183
10246665 183
10413975 183
10109385 184
10315305 184
10113675 185
10272405 185
10323885 185
10413975 185
10152285 186
10362495 186
10143705 187
10212345 187
10246665 187
10280985 187
10040745 188
10225215 188
10238085 188
10280985 188
10362495 188
10023585 189
10135125 189
10199475 189
10255245 189
10405395 189
10186605 190
10349625 190
10461165 190
10105095 191
10165155 191
10229505 191
10259535 191
10285275 191
10233795 192
10276695 192
10383945 193
10143705 194
10160865 194
10405395 194
10444005 194
10023585 195
10113675 195
10276695 195
10375365 195
10186605 196
10263825 196
10465455 196
10311015 197
10379655 197
10019295 198
10383945 198
10062195 199
10083645 199
10100805 200
10280985 200
10302435 200
10444005 200
10036455 201
10203765 201
10448295 201
10092225 202
10306725 202
10092225 203
10100805 203
10353915 203
10431135 203
10448295 203
10057905 204
10083645 204
10117965 204
10259535 204
10405395 204
10465455 204
10208055 206
10319595 206
10418265 206
10075065 207
10422555 207
10049325 208
10083645 208
10152285 208
10182315 208
10401105 208
10113675 209
10349625 209
10358205 210
10255245 211
10319595 211
10371075 211
10396815 211
10426845 211
10113675 212
10122255 212
10182315 212
10208055 212
10272405 212
10122255 213
10435425 213
10448295 213
10461165 214
10100805 215
10139415 216
10229505 216
10285275 216
10392525 216
10444005 216
10375365 217
10396815 217
10208055 218
10298145 218
10379655 218
10401105 218
10083645 219
10448295 219
10079355 221
10195185 221
10323885 221
10362495 221
10383945 221
10109385 222
10242375 222
10246665 222
10332465 222
10413975 222
10075065 223
10276695 223
10426845 223
10130835 224
10160865 224
10186605 225
10366785 226
10165155 227
10147995 228
10328175 228
10366785 228
10435425 228
10165155 229
10212345 229
10053615 230
10233795 230
10388235 230
10032165 231
10156575 231
10238085 231
10122255 232
10315305 233
10328175 234
10405395 234
10173735 235
10250955 235
10392525 235
10212345 236
10319595 236
10371075 236
10079355 237
10212345 237
10306725 237
10070775 238
10083645 238
10280985 238
10023585 239
10203765 239
10250955 239
10452585 239
10126545 240
10225215 240
10255245 240
10306725 240
10336755 240
10456875 240
10341045 241
10053615 242
10143705 242
10383945 242
10083645 243
10323885 243
10426845 243
10444005 243
10452585 243
10456875 243
10096515 244
10100805 244
10122255 244
10276695 244
10375365 244
10250955 245
10113675 246
10216635 246
10156575 247
10401105 247
10431135 248
10461165 248
10075065 250
10139415 250
10019295 251
10173735 254
10250955 254
10036455 255
10079355 255
10332465 255
10109385 256
10409685 256
10422555 256
10109385 257
10298145 257
10431135 257
10027875 258
10383945 258
10388235 258
10079355 259
10083645 259
10100805 259
10113675 259
10160865 259
10169445 259
10242375 259
10246665 259
10341045 259
10452585 259
10456875 259
10113675 260
10323885 260
10375365 260
10465455 260
10143705 261
10186605 261
10242375 261
10040745 262
10289565 262
10023585 263
10040745 263
10083645 263
10422555 263
10032165 264
10087935 264
10371075 265
10422555 265
10255245 266
10156575 267
10246665 267
10083645 268
10109385 269
10139415 269
10409685 269
10444005 269
10049325 270
10186605 270
10383945 270
10019295 271
10070775 271
10160865 272
10225215 272
10302435 272
10040745 274
10165155 274
10289565 274
10053615 275
10045035 276
10195185 276
10383945 276
10113675 277
10448295 278
10392525 279
10079355 280
10195185 280
10375365 280
10456875 280
10448295 281
10255245 282
10285275 282
10272405 283
10225215 284
10328175 284
10405395 284
10079355 285
10233795 285
10315305 285
10160865 286
10250955 286
10190895 287
10259535 287
10444005 287
10135125 288
10147995 288
10422555 288
10319595 289
10345335 289
10147995 290
10349625 290
10371075 290
10143705 291
10418265 291
10122255 292
10259535 292
10113675 293
10173735 293
10323885 294
10353915 294
10130835 295
10182315 295
10220925 295
10057905 296
10255245 296
10289565 298
10439715 298
10083645 299
10250955 299
10422555 299
10276695 300
10242375 301
10242375 302
10358205 303
10375365 303
10439715 304
10203765 305
10220925 305
10444005 305
10057905 306
10087935 306
10293855 306
10353915 306
10049325 307
10100805 307
10349625 307
10062195 308
10392525 308
10255245 309
10083645 310
10190895 310
10276695 310
10255245 311
10079355 312
10105095 312
10045035 313
10083645 313
10173735 313
10332465 313
10452585 313
10139415 314
10220925 314
10233795 314
10371075 314
10456875 315
10465455 315
10143705 316
10311015 316
10319595 316
10027875 317
10165155 317
10182315 317
10341045 317
10362495 317
10045035 318
10203765 318
10079355 319
10096515 319
10306725 319
10323885 319
10375365 319
10092225 320
10199475 321
10208055 321
10242375 321
10276695 321
10422555 321
10169445 322
10199475 323
10332465 323
10461165 323
10469745 325
10328175 326
10469745 326
10096515 327
10225215 327
10332465 327
10315305 328
10439715 328
10045035 331
10199475 331
10280985 331
10250955 332
10062195 333
10135125 333
10045035 334
10276695 334
10049325 335
10388235 335
10066485 336
10358205 336
10019295 337
10311015 337
10190895 338
10328175 338
10113675 339
10375365 340
10075065 341
10079355 341
10413975 341
10122255 342
10358205 342
10070775 343
10160865 343
10323885 343
10147995 344
10323885 344
10413975 344
10259535 345
10405395 346
10027875 347
10208055 347
10135125 350
10280985 350
10448295 350
10388235 351
10079355 353
10087935 353
10109385 353
10147995 353
10178025 353
10062195 354
10147995 354
10216635 354
10392525 354
10083645 355
10165155 355
10250955 355
10413975 355
10075065 356
10147995 357
10409685 358
10461165 358
10087935 359
10100805 359
10341045 359
10075065 362
10165155 362
10212345 362
10315305 362
10362495 362
10186605 364
10203765 364
10332465 364
10383945 364
10173735 366
10289565 366
10323885 366
10203765 368
10392525 369
10409685 369
10019295 370
10405395 370
10117965 371
10328175 371
10405395 371
10053615 372
10469745 372
10057905 374
10401105 374
10152285 375
10225215 375
10105095 376
10062195 377
10169445 378
10383945 378
10435425 378
10315305 379
10319595 380
10036455 381
10439715 381
10276695 382
10349625 382
10456875 382
10315305 383
10319595 383
10362495 383
10375365 385
10199475 386
10285275 386
10328175 386
10469745 386
10117965 387
10285275 387
10302435 387
10349625 387
10216635 390
10246665 390
10143705 391
10315305 391
10139415 392
10195185 392
10238085 393
10032165 394
10190895 394
10383945 394
10212345 395
10285275 395
10444005 395
10049325 396
10126545 397
10143705 397
10083645 398
10332465 398
10045035 399
10062195 400
10169445 400
10216635 400
10250955 401
10375365 401
10178025 402
10229505 402
10349625 402
10435425 403
10341045 404
10358205 404
10405395 404
10444005 404
10075065 405
10105095 405
10027875 407
10045035 407
10130835 407
10293855 407
10092225 409
10169445 409
10341045 409
10388235 410
10422555 412
10358205 416
10027875 417
10448295 417
10469745 417
10083645 418
10032165 419
10212345 421
10019295 422
10392525 422
10319595 423
10328175 423
10100805 424
10057905 425
10268115 425
10216635 427
10147995 428
10392525 430
10019295 431
10152285 431
10332465 431
10448295 431
10023585 433
10135125 433
10366785 433
10250955 434
10023585 435
10032165 435
10062195 435
10182315 435
10195185 435
10109385 438
10465455 438
10366785 439
10405395 439
10345335 440
10096515 441
10057905 443
10083645 443
10165155 443
10379655 443
10199475 444
10302435 445
10396815 445
10117965 446
10448295 446
10456875 448
10182315 449
10298145 449
10165155 450
10358205 450
10375365 450
10289565 452
10431135 452
10182315 453
10233795 453
10238085 453
10336755 453
10203765 455
10311015 455
10092225 456
10053615 457
10135125 459
10444005 459
10053615 460
10302435 460
10431135 460
10113675 461
10152285 461
10332465 462
10358205 462
10422555 462
10203765 463
10379655 463
10045035 465
10156575 465
10100805 466
10263825 467
10229505 468
10255245 468
10366785 468
10040745 469
10186605 469
10049325 470
10319595 472
10298145 473
10401105 473
10057905 474
10126545 474
10139415 474
10203765 475
10465455 476
10319595 478
10409685 478
10401105 479
10315305 481
10075065 482
10319595 482
10027875 483
10049325 483
10178025 483
10259535 483
10452585 483
10075065 484
10302435 485
10066485 487
10186605 487
10027875 489
10083645 490
10165155 490
10272405 490
10315305 490
10353915 490
10276695 492
10062195 493
10173735 493
10259535 493
10426845 493
10280985 494
10461165 494
10212345 495
10298145 495
10100805 497
10366785 498
10426845 498
10100805 499
10122255 499
10233795 499
10409685 500
10105095 501
10225215 501
10019295 503
10383945 505
10353915 506
10383945 508
10182315 509
10311015 511
10023585 513
10117965 513
10409685 513
10439715 513
10255245 514
10323885 514
10392525 514
10401105 515
10036455 516
10263825 516
10298145 516
10422555 516
10053615 517
10135125 520
10383945 521
10259535 522
10444005 522
10105095 524
10371075 524
10208055 525
10259535 525
10036455 526
10280985 527
10392525 527
10255245 528
10135125 529
10439715 529
10448295 530
10401105 532
10289565 533
10328175 533
10392525 533
10439715 534
10439715 536
10186605 537
10036455 540
10049325 541
10100805 541
10255245 541
10023585 542
10169445 543
10456875 544
10105095 545
10276695 546
10255245 547
10225215 548
10147995 549
10255245 549
10208055 551
10383945 552
10122255 553
10087935 555
10431135 556
10259535 557
10212345 560
10413975 560
10075065 561
10096515 561
10401105 562
10341045 563
10040745 566
10242375 566
10362495 566
10392525 566
10216635 567
10075065 568
10216635 568
10027875 570
10216635 570
10276695 570
10199475 571
10379655 571
10289565 572
10096515 573
10126545 574
10285275 575
10426845 576
10255245 577
10392525 578
10268115 579
10375365 579
10383945 579
10152285 580
10203765 580
10349625 582
10182315 583
10461165 584
10426845 586
10023585 587
10152285 588
10298145 588
10362495 589
10276695 591
10332465 591
10156575 592
10336755 592
10345335 593
10358205 593
10444005 593
10199475 594
10263825 595
10345335 595
10375365 595
10405395 596
10388235 597
10379655 598
10328175 600
10225215 601
10113675 604
10246665 604
10049325 607
10401105 607
10328175 608
10439715 608
10092225 609
10092225 610
10023585 612
10461165 613
10143705 614
10160865 614
10057905 615
10452585 616
10311015 617
10032165 618
10070775 620
10173735 622
10259535 622
10139415 624
10328175 624
10452585 624
10405395 625
10319595 626
10371075 626
10448295 627
10465455 628
10143705 630
10233795 630
10469745 630
10383945 632
10435425 636
10023585 637
10413975 637
10203765 638
10259535 638
10456875 640
10461165 641
10100805 644
10139415 644
10302435 644
10238085 645
10057905 648
10062195 648
10375365 648
10379655 649
10057905 650
10105095 651
10040745 653
10302435 653
10392525 653
10452585 653
10242375 654
10349625 655
10285275 656
10285275 657
10135125 659
10169445 659
10388235 662
10255245 665
10323885 666
10032165 667
10379655 667
10435425 667
10362495 668
10328175 669
10456875 669
10469745 670
10280985 671
10405395 671
10083645 678
10366785 679
10315305 681
10139415 683
10173735 685
10371075 685
10285275 687
10075065 689
10263825 689
10126545 690
10105095 691
10392525 692
10208055 693
10203765 694
10092225 696
10383945 697
10401105 700
10444005 700
10075065 701
10238085 701
10298145 701
10122255 702
10203765 705
10323885 707
10362495 707
10130835 710
10066485 711
10126545 712
10152285 712
10366785 712
10147995 714
10225215 714
10336755 714
10019295 715
10461165 716
10105095 718
10070775 722
10259535 723
10293855 724
10413975 724
10238085 725
10401105 725
10444005 728
10461165 730
10160865 731
10049325 733
10259535 733
10079355 735
10306725 735
10238085 737
10255245 739
10182315 740
10208055 741
10027875 743
10105095 743
10250955 743
10401105 743
10083645 744
10272405 744
10186605 747
10152285 748
10216635 748
10225215 748
10143705 749
10263825 749
10246665 750
10092225 752
10122255 752
10255245 753
10045035 754
10353915 756
10465455 756
10100805 757
10023585 758
10079355 759
10092225 759
10250955 761
10448295 761
10036455 762
10336755 763
10178025 767
10448295 767
10298145 768
10469745 768
10049325 769
10285275 770
10323885 771
10396815 771
10229505 772
10045035 775
10362495 776
10405395 777
10465455 778
10109385 779
10285275 780
10083645 782
10160865 782
10036455 783
10426845 783
10448295 783
10268115 785
10182315 787
10083645 788
10409685 788
10353915 791
10195185 792
10439715 792
10062195 794
10250955 794
10328175 794
10109385 795
10238085 797
10242375 797
10341045 799
10045035 801
10259535 802
10100805 803
10328175 803
10036455 804
10122255 805
10259535 806
10135125 807
10220925 808
10259535 809
10165155 810
10328175 810
10336755 811
10259535 813
10070775 814
10212345 814
10431135 815
10444005 816
10413975 817
10388235 819
10062195 820
10122255 820
10147995 821
10117965 822
10199475 826
10259535 826
10409685 826
10040745 827
10113675 827
10362495 829
10383945 830
10087935 831
10242375 831
10448295 831
10452585 831
10469745 832
10220925 833
10182315 835
10062195 841
10083645 841
10311015 842
10392525 844
10113675 845
10139415 845
10263825 847
10392525 851
10049325 852
10418265 852
10345335 854
10375365 855
10371075 856
10212345 857
10345335 859
10225215 860
10079355 861
10345335 862
10075065 865
10405395 865
10461165 866
10285275 867
10263825 870
10100805 874
10178025 875
10323885 875
10027875 879
10444005 880
10045035 884
10328175 884
10075065 885
10036455 886
10366785 886
10469745 886
10448295 888
10229505 891
10203765 892
10246665 894
10246665 895
10409685 895
10405395 902
10186605 903
10341045 908
10319595 909
10040745 911
10358205 912
10143705 914
10113675 915
10100805 916
10405395 917
10444005 917
10293855 918
10225215 920
10276695 922
10083645 924
10315305 924
10328175 924
10139415 926
10422555 927
10276695 928
10349625 929
10444005 935
10182315 936
10113675 939
10319595 940
10293855 941
10229505 944
10263825 946
10422555 947
10105095 955
10280985 955
10190895 956
10422555 956
10152285 957
10173735 957
10255245 960
10100805 962
10285275 962
10109385 964
10358205 965
10019295 967
10444005 968
10306725 969
10353915 969
10053615 970
10045035 971
10178025 971
10203765 975
10045035 976
10092225 977
10139415 983
10444005 984
10448295 984
10332465 987
10409685 987
10422555 988
10165155 989
10190895 992
10156575 993
10302435 993
10456875 994
10027875 996
10409685 996
10302435 997
10401105 997
10375365 998
10122255 999
10208055 999
10208055 1001
10225215 1001
10302435 1007
10208055 1010
10220925 1010
10375365 1010
10087935 1011
10173735 1014
10456875 1014
10358205 1017
10203765 1020
10349625 1020
10208055 1022
10199475 1024
10186605 1026
10070775 1027
10203765 1030
10195185 1032
10250955 1033
10396815 1035
10165155 1039
10439715 1040
10135125 1042
10173735 1042
10388235 1043
10465455 1043
10285275 1051
10268115 1052
10439715 1055
10105095 1057
10040745 1058
10122255 1059
10461165 1060
10366785 1062
10195185 1063
10242375 1065
10173735 1067
10062195 1068
10100805 1069
10293855 1069
10087935 1070
10375365 1070
10075065 1072
10409685 1072
10019295 1075
10280985 1076
10452585 1077
10332465 1078
10328175 1080
10272405 1081
10328175 1082
10375365 1084
10263825 1085
10096515 1087
10062195 1088
10225215 1090
10122255 1092
10242375 1093
10147995 1095
10229505 1097
10169445 1099
10409685 1099
10349625 1102
10383945 1102
10456875 1102
10452585 1103
10117965 1104
10362495 1104
10156575 1105
10255245 1106
10075065 1108
10105095 1109
10268115 1110
10311015 1117
10242375 1118
10465455 1118
10169445 1122
10456875 1122
10238085 1124
10341045 1124
10212345 1128
10383945 1128
10315305 1130
10349625 1132
10190895 1133
10276695 1134
10109385 1138
10190895 1138
10332465 1141
10195185 1142
10388235 1142
10182315 1143
10276695 1143
10105095 1145
10263825 1145
10469745 1145
10345335 1146
10444005 1146
10465455 1146
10272405 1147
10250955 1150
10263825 1154
10289565 1154
10375365 1154
10190895 1156
10186605 1158
10139415 1159
10345335 1162
10396815 1162
10409685 1163
10396815 1164
10083645 1165
10371075 1165
10353915 1166
10075065 1168
10225215 1173
10036455 1174
10070775 1175
10220925 1175
10315305 1175
10435425 1176
10332465 1178
10186605 1179
10315305 1179
10379655 1181
10027875 1182
10298145 1184
10147995 1185
10405395 1185
10409685 1185
10469745 1187
10229505 1188
10456875 1188
10353915 1189
10165155 1192
10057905 1193
10345335 1194
10298145 1197
10315305 1198
10401105 1199
10062195 1201
10195185 1203
10203765 1206
10083645 1210
10263825 1211
10319595 1214
10306725 1218
10435425 1218
10212345 1219
10126545 1222
10302435 1227
10358205 1230
10045035 1232
10092225 1232
10371075 1235
10336755 1237
10418265 1241
10216635 1243
10392525 1246
10199475 1248
10272405 1248
10263825 1251
10122255 1252
10371075 1252
10246665 1254
10117965 1256
10113675 1259
10135125 1262
10190895 1262
10461165 1262
10229505 1267
10392525 1271
10302435 1273
10023585 1275
10143705 1277
10431135 1283
10216635 1284
10383945 1294
10439715 1295
10405395 1298
10229505 1306
10070775 1307
10280985 1307
10135125 1309
10435425 1309
10122255 1321
10212345 1325
10216635 1326
10319595 1328
10233795 1329
10444005 1330
10062195 1331
10461165 1331
10456875 1332
10293855 1333
10182315 1335
10439715 1341
10083645 1367
10323885 1369
10250955 1370
10332465 1371
10032165 1377
10233795 1378
10169445 1379
10349625 1380
10392525 1382
10439715 1386
10126545 1387
10452585 1387
10195185 1390
10413975 1390
10083645 1400
10122255 1400
10152285 1400
10092225 1401
10263825 1401
10405395 1402
10152285 1405
10413975 1406
10019295 1410
10323885 1410
10444005 1410
10362495 1413
10379655 1415
10032165 1416
10105095 1420
10289565 1420
10147995 1422
10023585 1429
10032165 1430
10302435 1430
10143705 1435
10328175 1436
10435425 1436
10160865 1442
10242375 1444
10289565 1444
10169445 1445
10383945 1459
10259535 1460
10053615 1462
10426845 1464
10079355 1465
10366785 1465
10426845 1465
10456875 1473
10079355 1475
10298145 1475
10023585 1481
10259535 1481
10452585 1483
10439715 1484
10079355 1487
10439715 1492
10250955 1493
10375365 1493
10203765 1500
10405395 1501
10341045 1507
10165155 1512
10306725 1513
10117965 1515
10285275 1515
10220925 1519
10341045 1529
10113675 1531
10165155 1533
10135125 1542
10208055 1542
10465455 1548
10053615 1549
10105095 1554
10122255 1559
10165155 1559
10208055 1560
10250955 1564
10323885 1565
10435425 1568
10242375 1569
10032165 1570
10246665 1570
10315305 1571
10212345 1575
10345335 1577
10448295 1578
10053615 1582
10105095 1582
10062195 1591
10383945 1591
10276695 1593
10328175 1599
10147995 1614
10062195 1628
10465455 1637
10255245 1642
10195185 1646
10225215 1648
10439715 1650
10070775 1651
10186605 1654
10383945 1656
10353915 1658
10032165 1662
10135125 1665
10452585 1667
10049325 1669
10319595 1669
10100805 1670
10100805 1673
10379655 1673
10225215 1684
10332465 1684
10353915 1690
10178025 1691
10212345 1696
10319595 1696
10332465 1699
10233795 1704
10456875 1710
10220925 1714
10190895 1724
10315305 1725
10109385 1727
10371075 1730
10250955 1732
10409685 1734
10075065 1735
10439715 1736
10259535 1738
10109385 1739
10105095 1743
10169445 1746
10323885 1757
10255245 1759
10075065 1761
10456875 1762
10469745 1763
10332465 1769
10448295 1775
10062195 1778
10220925 1778
10315305 1780
10178025 1782
10353915 1783
10126545 1789
10238085 1790
10049325 1795
10392525 1797
10147995 1800
10238085 1805
10358205 1806
10135125 1808
10122255 1809
10220925 1820
10328175 1824
10169445 1825
10096515 1828
10332465 1831
10100805 1832
10083645 1833
10336755 1833
10083645 1839
10263825 1844
10323885 1849
10413975 1852
10371075 1856
10242375 1863
10276695 1864
10272405 1865
10186605 1866
10332465 1867
10045035 1869
10100805 1870
10195185 1870
10422555 1870
10263825 1875
10160865 1877
10465455 1881
10465455 1882
10456875 1888
10049325 1889
10049325 1892
10461165 1892
10139415 1893
10190895 1894
10276695 1897
10319595 1898
10469745 1903
10156575 1911
10328175 1911
10105095 1919
10383945 1921
10452585 1927
10087935 1929
10062195 1933
10057905 1938
10233795 1944
10439715 1944
10126545 1947
10413975 1951
10165155 1959
10032165 1961
10079355 1962
10066485 1963
10285275 1963
10456875 1963
10070775 1964
10263825 1965
10306725 1965
10302435 1969
10383945 1974
10246665 1975
10173735 1985
10135125 1989
10263825 1990
10285275 1990
10298145 1992
10032165 1995
10109385 1996
10105095 2004
10229505 2004
10452585 2005
10371075 2017
10396815 2017
10190895 2018
10216635 2022
10426845 2025
10293855 2026
10105095 2029
10032165 2033
10199475 2033
10053615 2035
10452585 2037
10439715 2040
10375365 2047
10062195 2054
10388235 2060
10156575 2064
10066485 2067
10070775 2069
10328175 2073
10169445 2078
10135125 2079
10345335 2080
10233795 2107
10366785 2112
10444005 2114
10293855 2127
10032165 2128
10409685 2128
10165155 2131
10182315 2139
10242375 2139
10027875 2144
10332465 2145
10426845 2169
10083645 2172
10199475 2180
10092225 2183
10289565 2187
10040745 2189
10109385 2189
10233795 2197
10135125 2200
10096515 2202
10431135 2203
10096515 2208
10435425 2211
10152285 2213
10444005 2218
10079355 2219
10293855 2220
10388235 2223
10263825 2227
10220925 2230
10070775 2242
10182315 2244
10160865 2245
10311015 2248
10147995 2249
10293855 2250
10049325 2252
10383945 2254
10019295 2255
10293855 2256
10452585 2256
10263825 2260
10135125 2263
10109385 2267
10053615 2268
10465455 2269
10113675 2274
10220925 2276
10169445 2289
10160865 2297
10165155 2298
10336755 2299
10075065 2319
10238085 2321
10182315 2325
10285275 2333
10036455 2340
10349625 2346
10083645 2347
10242375 2347
10263825 2350
10032165 2359
10238085 2360
10448295 2367
10045035 2368
10461165 2368
10212345 2382
10413975 2383
10135125 2390
10152285 2391
10152285 2393
10263825 2395
10208055 2402
10319595 2407
10315305 2408
10319595 2415
10255245 2417
10285275 2417
10328175 2420
10135125 2428
10199475 2428
10392525 2433
10469745 2441
10392525 2443
10113675 2444
10255245 2444
10280985 2446
10019295 2447
10435425 2448
10379655 2458
10452585 2459
10225215 2460
10100805 2464
10353915 2466
10456875 2470
10212345 2472
10032165 2476
10409685 2498
10186605 2499
10053615 2500
10255245 2501
10212345 2527
10195185 2528
10289565 2528
10456875 2533
10418265 2538
10229505 2548
10220925 2549
10023585 2556
10311015 2557
10070775 2572
10190895 2572
10139415 2590
10066485 2596
10349625 2598
10465455 2602
10182315 2607
10285275 2611
10336755 2617
10345335 2624
10311015 2630
10383945 2632
10456875 2635
10049325 2640
10105095 2640
10255245 2640
10079355 2641
10208055 2645
10027875 2646
10379655 2646
10311015 2650
10070775 2651
10083645 2658
10293855 2665
10113675 2668
10195185 2670
10075065 2673
10208055 2673
10242375 2673
10075065 2676
10435425 2678
10023585 2679
10302435 2683
10302435 2693
10156575 2697
10040745 2699
10358205 2699
10083645 2702
10353915 2703
10392525 2706
10311015 2707
10323885 2708
10062195 2710
10280985 2723
10113675 2729
10195185 2733
10465455 2735
10049325 2745
10379655 2746
10439715 2748
10019295 2753
10199475 2758
10293855 2761
10259535 2763
10070775 2771
10362495 2771
10379655 2781
10461165 2783
10117965 2786
10233795 2795
10216635 2797
10405395 2806
10426845 2808
10105095 2813
10173735 2814
10465455 2814
10435425 2815
10405395 2822
10250955 2824
10057905 2831
10375365 2831
10173735 2832
10469745 2836
10332465 2838
10263825 2842
10371075 2843
10418265 2843
10444005 2845
10375365 2847
10392525 2847
10233795 2848
10109385 2858
10250955 2858
10216635 2859
10366785 2860
10293855 2861
10182315 2863
10113675 2867
10062195 2869
10092225 2878
10439715 2879
10285275 2888
10186605 2889
10388235 2891
10203765 2899
10280985 2900
10233795 2904
10272405 2908
10109385 2922
10332465 2923
10075065 2930
10186605 2938
10375365 2941
10392525 2950
10122255 2953
10276695 2955
10229505 2956
10345335 2958
10233795 2960
10186605 2974
10306725 2974
10255245 2977
10280985 2977
10422555 2977
10032165 2978
10371075 2980
10353915 2985
10255245 2987
10113675 2996
10456875 2997
10413975 3001
10255245 3018
10444005 3018
10156575 3021
10444005 3027
10409685 3028
10057905 3041
10212345 3041
10173735 3047
10293855 3048
10169445 3049
10229505 3062
10109385 3071
10079355 3073
10199475 3074
10349625 3081
10032165 3084
10413975 3085
10371075 3089
10413975 3094
10439715 3096
10345335 3098
10096515 3099
10250955 3100
10083645 3102
10280985 3109
10083645 3111
10135125 3115
10109385 3120
10203765 3126
10289565 3134
10027875 3138
10229505 3148
10293855 3153
10293855 3161
10036455 3163
10023585 3165
10250955 3170
10349625 3174
10083645 3177
10392525 3179
10285275 3181
10272405 3187
10401105 3190
10341045 3193
10439715 3194
10173735 3195
10143705 3199
10315305 3219
10079355 3221
10075065 3222
10216635 3223
10117965 3228
10070775 3235
10135125 3237
10461165 3238
10298145 3240
10079355 3243
10126545 3244
10135125 3245
10199475 3245
10075065 3247
10040745 3254
10396815 3256
10160865 3257
10353915 3260
10285275 3265
10070775 3266
10448295 3266
10212345 3281
10229505 3283
10431135 3283
10066485 3286
10156575 3292
10358205 3294
10375365 3301
10426845 3301
10083645 3322
10263825 3322
10435425 3322
10053615 3324
10173735 3329
10032165 3333
10109385 3336
10280985 3347
10276695 3354
10263825 3364
10075065 3365
10195185 3367
10130835 3370
10165155 3373
10349625 3374
10233795 3377
10105095 3378
10452585 3379
10456875 3379
10032165 3392
10444005 3396
10379655 3398
10113675 3399
10375365 3399
10173735 3408
10032165 3419
10083645 3420
10092225 3422
10461165 3422
10229505 3429
10113675 3431
10413975 3438
10208055 3444
10233795 3449
10182315 3453
10019295 3456
10392525 3459
10456875 3462
10276695 3465
10366785 3468
10250955 3473
10413975 3473
10117965 3474
10045035 3475
10036455 3483
10182315 3489
10379655 3494
10242375 3495
10353915 3506
10250955 3509
10100805 3511
10169445 3520
10216635 3526
10083645 3532
10418265 3561
10272405 3569
10079355 3583
10216635 3588
10383945 3591
10396815 3591
10276695 3610
10439715 3612
10203765 3616
10431135 3616
10135125 3620
10255245 3623
10113675 3625
10465455 3626
10285275 3632
10465455 3634
10302435 3646
10053615 3654
10444005 3655
10302435 3661
10452585 3674
10070775 3682
10439715 3692
10353915 3695
10375365 3698
10435425 3706
10388235 3708
10212345 3709
10057905 3716
10345335 3717
10032165 3719
10182315 3722
10203765 3734
10392525 3734
10135125 3744
10040745 3748
10293855 3751
10242375 3755
10032165 3758
10379655 3761
10147995 3765
10439715 3765
10147995 3768
10375365 3770
10418265 3770
10341045 3775
10105095 3784
10444005 3791
10263825 3792
10032165 3803
10045035 3808
10109385 3819
10139415 3826
10049325 3829
10435425 3838
10147995 3840
10225215 3845
10117965 3854
10225215 3866
10409685 3870
10182315 3871
10216635 3876
10208055 3879
10456875 3880
10233795 3885
10105095 3886
10401105 3889
10062195 3901
10109385 3903
10332465 3908
10332465 3913
10165155 3931
10435425 3946
10036455 3964
10263825 3972
10105095 3982
10388235 3983
10418265 3986
10379655 3987
10383945 3987
10100805 3988
10199475 3993
10130835 3995
10173735 4011
10285275 4011
10169445 4017
10079355 4023
10456875 4029
10053615 4037
10147995 4037
10379655 4037
10444005 4044
10302435 4045
10371075 4051
10418265 4052
10345335 4056
10173735 4075
10126545 4078
10465455 4078
10040745 4079
10087935 4083
10092225 4085
10160865 4094
10019295 4097
10216635 4098
10027875 4109
10079355 4112
10105095 4116
10469745 4118
10302435 4122
10032165 4125
10448295 4127
10139415 4129
10448295 4131
10182315 4140
10169445 4148
10053615 4149
10405395 4149
10152285 4162
10444005 4165
10405395 4166
10070775 4187
10117965 4188
10023585 4190
10388235 4191
10066485 4194
10431135 4198
10323885 4199
10113675 4202
10199475 4205
10353915 4209
10019295 4215
10036455 4224
10409685 4224
10371075 4237
10323885 4247
10405395 4249
10362495 4253
10366785 4257
10019295 4263
10199475 4265
10409685 4268
10319595 4274
10289565 4278
10049325 4297
10465455 4302
10130835 4304
10057905 4308
10341045 4313
10276695 4330
10362495 4331
10444005 4337
10113675 4341
10147995 4344
10195185 4344
10147995 4368
10083645 4371
10195185 4380
10212345 4380
10259535 4382
10319595 4382
10272405 4389
10259535 4397
10375365 4411
10109385 4419
10079355 4426
10315305 4433
10255245 4444
10092225 4459
10255245 4461
10053615 4465
10195185 4469
10092225 4473
10049325 4477
10147995 4478
10186605 4479
10469745 4479
10439715 4480
10259535 4497
10139415 4498
10045035 4499
10456875 4503
10392525 4507
10328175 4514
10435425 4516
10182315 4517
10169445 4518
10332465 4523
10396815 4524
10143705 4526
10366785 4534
10332465 4537
10426845 4543
10019295 4548
10053615 4563
10358205 4563
10169445 4573
10452585 4576
10079355 4595
10461165 4603
10311015 4622
10431135 4627
10199475 4634
10199475 4642
10255245 4642
10109385 4651
10298145 4652
10353915 4653
10293855 4661
10328175 4665
10379655 4679
10319595 4688
10040745 4690
10169445 4690
10259535 4702
10113675 4705
10216635 4717
10147995 4725
10075065 4726
10413975 4727
10152285 4730
10220925 4744
10379655 4745
10323885 4752
10371075 4754
10242375 4755
10435425 4758
10435425 4767
10405395 4770
10332465 4771
10147995 4775
10422555 4779
10105095 4790
10280985 4808
10143705 4812
10199475 4813
10092225 4816
10019295 4820
10272405 4830
10066485 4837
10341045 4840
10122255 4848
10040745 4855
10353915 4860
10272405 4866
10212345 4873
10345335 4881
10302435 4882
10143705 4890
10422555 4892
10405395 4901
10379655 4906
10122255 4923
10435425 4926
10272405 4936
10045035 4941
10263825 4980
10229505 4983
10285275 4987
10469745 4994
10341045 4997
10152285 5002
10293855 5004
10135125 5005
10100805 5017
10135125 5034
10250955 5050
10208055 5052
10444005 5060
10045035 5064
10220925 5066
10195185 5076
10435425 5078
10173735 5100
10392525 5114
10199475 5115
10259535 5115
10323885 5129
10100805 5149
10362495 5152
10456875 5202
10062195 5205
10062195 5212
10418265 5217
10229505 5219
10053615 5225
10341045 5228
10353915 5233
10062195 5235
10413975 5238
10070775 5242
10139415 5242
10328175 5253
10276695 5259
10053615 5270
10388235 5271
10195185 5273
10345335 5290
10409685 5317
10075065 5322
10019295 5342
10105095 5351
10212345 5365
10371075 5381
10109385 5387
10062195 5401
10246665 5403
10311015 5404
10405395 5405
10319595 5420
10040745 5428
10250955 5437
10113675 5445
10323885 5447
10276695 5464
10190895 5470
10345335 5482
10096515 5499
10469745 5511
10285275 5523
10435425 5527
10036455 5530
10405395 5532
10126545 5533
10409685 5559
10040745 5573
10182315 5583
10208055 5588
10319595 5594
10195185 5632
10323885 5642
10216635 5659
10079355 5663
10409685 5663
10362495 5666
10229505 5712
10448295 5721
10212345 5735
10019295 5748
10203765 5748
10426845 5749
10315305 5750
10349625 5766
10371075 5792
10040745 5801
10096515 5808
10392525 5815
10259535 5818
10409685 5818
10255245 5830
10336755 5845
10263825 5862
10452585 5873
10259535 5878
10096515 5881
10203765 5881
10323885 5884
10413975 5899
10195185 5910
10173735 5912
10092225 5920
10203765 5929
10332465 5938
10113675 5942
10113675 5943
10456875 5947
10105095 5950
10250955 5951
10036455 5953
10401105 5954
10435425 5955
10143705 5960
10062195 5969
10160865 5971
10229505 5977
10113675 5980
10280985 5980
10199475 5985
10165155 5987
10323885 6031
10238085 6038
10255245 6039
10336755 6055
10345335 6065
10062195 6078
10469745 6079
10109385 6081
10203765 6088
10083645 6097
10444005 6138
10135125 6165
10448295 6170
10096515 6199
10293855 6202
10165155 6204
10040745 6206
10413975 6211
10242375 6215
10272405 6233
10439715 6234
10242375 6250
10306725 6259
10319595 6261
10422555 6275
10285275 6278
10255245 6283
10332465 6284
10195185 6287
10349625 6291
10045035 6294
10242375 6306
10409685 6325
10083645 6330
10272405 6334
10319595 6352
10147995 6353
10358205 6366
10190895 6368
10053615 6370
10070775 6391
10293855 6392
10087935 6393
10182315 6395
10353915 6395
10413975 6397
10422555 6404
10032165 6453
10311015 6464
10229505 6468
10070775 6476
10139415 6489
10066485 6498
10113675 6515
10122255 6527
10426845 6540
10268115 6543
10444005 6546
10426845 6559
10285275 6568
10216635 6586
10238085 6606
10375365 6606
10246665 6613
10182315 6618
10345335 6624
10208055 6630
10165155 6632
10096515 6637
10461165 6650
10032165 6651
10173735 6666
10435425 6675
10083645 6678
10195185 6683
10431135 6689
10405395 6695
10053615 6708
10409685 6727
10032165 6734
10122255 6744
10259535 6749
10023585 6755
10272405 6763
10461165 6776
10203765 6784
10272405 6796
10255245 6807
10319595 6834
10182315 6851
10242375 6869
10323885 6871
10139415 6872
10238085 6885
10242375 6892
10409685 6901
10332465 6909
10431135 6913
10105095 6921
10070775 6928
10049325 6932
10066485 6942
10332465 6961
10032165 6963
10242375 6969
10302435 6985
10147995 6989
10293855 6996
10435425 7008
10045035 7012
10280985 7021
10456875 7053
10045035 7064
10379655 7064
10349625 7071
10178025 7080
10233795 7121
10405395 7124
10444005 7131
10332465 7169
10448295 7172
10139415 7180
10422555 7180
10422555 7185
10246665 7186
10250955 7199
10233795 7205
10212345 7206
10259535 7213
10242375 7221
10096515 7222
10298145 7224
10027875 7238
10190895 7246
10049325 7252
10302435 7252
10139415 7262
10379655 7263
10105095 7266
10315305 7273
10130835 7274
10178025 7278
10208055 7287
10083645 7299
10203765 7320
10452585 7321
10250955 7325
10332465 7382
10379655 7392
10272405 7408
10452585 7413
10216635 7420
10049325 7457
10461165 7459
10195185 7472
10173735 7491
10100805 7505
10302435 7520
10212345 7528
10375365 7542
10452585 7557
10250955 7588
10268115 7589
10349625 7604
10049325 7605
10469745 7608
10353915 7609
10139415 7617
10452585 7634
10032165 7651
10435425 7653
10336755 7657
10212345 7672
10238085 7686
10208055 7691
10379655 7691
10105095 7692
10169445 7696
10383945 7704
10092225 7707
10456875 7717
10302435 7723
10383945 7725
10456875 7726
10401105 7732
10147995 7752
10396815 7755
10263825 7785
10199475 7800
10259535 7804
10396815 7821
10242375 7826
10220925 7831
10396815 7839
10388235 7845
10182315 7855
10426845 7858
10238085 7863
10452585 7865
10173735 7866
10023585 7868
10358205 7886
10045035 7899
10306725 7903
10280985 7943
10276695 7963
10229505 7986
10336755 7999
10208055 8030
10392525 8030
10135125 8032
10396815 8046
10242375 8049
10383945 8051
10375365 8054
10199475 8058
10049325 8059
10190895 8063
10452585 8077
10083645 8080
10143705 8086
10315305 8088
10083645 8112
10469745 8131
10045035 8147
10392525 8153
10075065 8166
10405395 8170
10285275 8175
10341045 8183
10362495 8188
10315305 8189
10036455 8191
10169445 8194
10413975 8197
10105095 8204
10113675 8212
10456875 8215
10075065 8245
10027875 8255
10349625 8258
10289565 8270
10019295 8275
10186605 8277
10405395 8300
10255245 8303
10109385 8305
10070775 8336
10165155 8367
10165155 8387
10092225 8398
10345335 8418
10255245 8451
10246665 8455
10117965 8456
10036455 8466
10272405 8476
10272405 8483
10422555 8484
10366785 8493
10276695 8502
10409685 8521
10392525 8522
10083645 8530
10302435 8538
10341045 8540
10379655 8550
10306725 8554
10186605 8566
10019295 8578
10087935 8579
10276695 8593
10250955 8606
10452585 8609
10117965 8622
10456875 8634
10113675 8646
10439715 8650
10388235 8651
10349625 8662
10100805 8674
10233795 8704
10349625 8705
10388235 8708
10388235 8717
10250955 8722
10431135 8764
10336755 8775
10079355 8801
10302435 8832
10075065 8868
10087935 8873
10413975 8895
10353915 8909
10276695 8953
10027875 8963
10032165 8963
10147995 8975
10444005 8993
10139415 9006
10349625 9007
10036455 9051
10413975 9057
10057905 9060
10143705 9103
10242375 9112
10070775 9116
10143705 9173
10186605 9174
10130835 9179
10456875 9180
10319595 9181
10315305 9196
10465455 9200
10203765 9201
10388235 9221
10319595 9245
10109385 9250
10272405 9250
10246665 9283
10075065 9285
10126545 9294
10045035 9330
10353915 9339
10147995 9377
10023585 9380
10092225 9383
10405395 9402
10040745 9446
10135125 9483
10199475 9484
10362495 9493
10156575 9514
10075065 9541
10216635 9556
10362495 9567
10079355 9587
10311015 9587
10075065 9609
10435425 9618
10083645 9632
10100805 9632
10439715 9636
10280985 9662
10444005 9664
10139415 9675
10444005 9696
10375365 9701
10199475 9704
10023585 9709
10160865 9721
10225215 9723
10032165 9741
10276695 9745
10293855 9759
10431135 9782
10233795 9784
10229505 9799
10139415 9811
10203765 9818
10220925 9821
10469745 9863
10293855 9882
10311015 9896
10057905 9906
10413975 9917
10190895 9920
10452585 9937
10285275 9942
10375365 9946
10285275 9977
10216635 9990
10053615 10025
10229505 10036
10439715 10065
10135125 10075
10195185 10086
10169445 10106
10135125 10109
10319595 10116
10195185 10135
10027875 10145
10117965 10160
10169445 10162
10186605 10173
10023585 10203
10199475 10206
10250955 10211
10259535 10215
10263825 10224
10328175 10232
10220925 10244
10053615 10261
10444005 10263
10216635 10267
10276695 10282
10469745 10285
10293855 10316
10336755 10341
10122255 10365
10233795 10379
10203765 10391
10023585 10398
10255245 10403
10173735 10450
10293855 10456
10289565 10464
10435425 10491
10186605 10548
10027875 10578
10375365 10591
10083645 10602
10422555 10680
10023585 10690
10272405 10715
10298145 10716
10250955 10729
10345335 10761
10401105 10780
10105095 10786
10122255 10878
10263825 10891
10173735 10893
10263825 10911
10456875 10950
10311015 10967
10092225 10969
10319595 10969
10259535 10983
10448295 11019
10070775 11020
10169445 11020
10070775 11035
10160865 11041
10358205 11046
10062195 11060
10259535 11077
10409685 11096
10242375 11115
10143705 11173
10019295 11196
10255245 11214
10182315 11221
10371075 11236
10336755 11257
10285275 11267
10105095 11289
10366785 11293
10306725 11299
10255245 11317
10375365 11319
10336755 11337
10315305 11338
10152285 11341
10302435 11350
10396815 11355
10122255 11356
10289565 11363
10426845 11364
10452585 11365
10323885 11373
10152285 11397
10186605 11418
10302435 11420
10409685 11469
10117965 11490
10045035 11495
10212345 11524
10190895 11527
10229505 11544
10075065 11549
10079355 11549
10087935 11549
10079355 11555
10122255 11563
10212345 11616
10263825 11679
10122255 11742
10216635 11742
10461165 11747
10323885 11751
10383945 11756
10096515 11763
10045035 11765
10190895 11767
10203765 11777
10087935 11784
10375365 11798
10469745 11798
10259535 11799
10049325 11941
10147995 11951
10195185 11952
10392525 11955
10306725 11992
10083645 11995
10311015 12005
10062195 12006
10302435 12024
10203765 12033
10190895 12058
10066485 12142
10152285 12177
10456875 12186
10238085 12218
10366785 12223
10293855 12241
10302435 12256
10032165 12296
10045035 12298
10259535 12300
10362495 12312
10246665 12324
10199475 12362
10452585 12381
10216635 12403
10293855 12406
10345335 12422
10379655 12442
10169445 12455
10444005 12485
10105095 12494
10323885 12523
10456875 12552
10298145 12596
10109385 12598
10195185 12633
10087935 12639
10109385 12640
10229505 12644
10036455 12679
10315305 12714
10263825 12722
10040745 12739
10461165 12785
10405395 12794
10456875 12807
10023585 12811
10195185 12820
10272405 12833
10053615 12840
10371075 12857
10062195 12894
10190895 12902
10195185 12902
10426845 12903
10023585 12928
10045035 12954
10349625 12955
10302435 12984
10362495 13012
10190895 13034
10306725 13035
10062195 13038
10285275 13053
10053615 13054
10465455 13133
10396815 13221
10178025 13236
10405395 13250
10323885 13321
10208055 13353
10165155 13355
10096515 13356
10366785 13374
10083645 13378
10229505 13392
10045035 13409
10109385 13429
10289565 13429
10280985 13462
10276695 13494
10220925 13505
10100805 13528
10062195 13544
10139415 13545
10023585 13550
10444005 13553
10328175 13575
10341045 13625
10113675 13630
10435425 13647
10195185 13656
10379655 13667
10092225 13682
10413975 13704
10276695 13710
10139415 13722
10448295 13728
10255245 13729
10383945 13743
10199475 13750
10353915 13751
10409685 13810
10401105 13819
10023585 13825
10147995 13862
10049325 13934
10242375 13954
10444005 13964
10023585 13976
10259535 13986
10182315 14020
10212345 14021
10190895 14033
10100805 14072
10109385 14076
10040745 14110
10092225 14149
10396815 14161
10143705 14189
10165155 14227
10199475 14227
10169445 14256
10358205 14328
10062195 14330
10066485 14359
10087935 14360
10122255 14439
10045035 14482
10178025 14489
10332465 14532
10079355 14537
10439715 14540
10435425 14551
10379655 14553
10220925 14581
10426845 14652
10349625 14679
10439715 14687
10293855 14706
10242375 14712
10435425 14751
10122255 14765
10452585 14768
10105095 14779
10126545 14782
10122255 14791
10323885 14809
10057905 14816
10362495 14846
10032165 14919
10328175 14919
10272405 14998
10435425 15004
10113675 15005
10165155 15007
10469745 15056
10152285 15095
10027875 15099
10049325 15140
10062195 15235
10349625 15384
10379655 15394
10147995 15402
10431135 15415
10160865 15448
10208055 15456
10392525 15481
10456875 15519
10186605 15525
10208055 15528
10319595 15539
10032165 15540
10341045 15541
10045035 15567
10315305 15641
10032165 15662
10396815 15712
10199475 15754
10117965 15767
10315305 15795
10392525 15807
10203765 15815
10027875 15851
10392525 15883
10079355 16047
10409685 16088
10465455 16106
10225215 16109
10019295 16111
10105095 16125
10323885 16135
10143705 16149
10405395 16162
10409685 16178
10422555 16178
10100805 16211
10396815 16239
10345335 16370
10173735 16387
10456875 16440
10057905 16446
10409685 16509
10422555 16522
10298145 16523
10100805 16555
10075065 16556
10418265 16611
10169445 16613
10229505 16683
10362495 16694
10426845 16711
10298145 16772
10023585 16778
10049325 16800
10302435 16841
10139415 16842
10139415 16856
10169445 16867
10143705 16875
10315305 16877
10405395 16962
10049325 17008
10444005 17033
10366785 17040
10109385 17084
10105095 17140
10233795 17141
10032165 17142
10422555 17159
10452585 17162
10280985 17173
10255245 17193
10259535 17230
10109385 17262
10092225 17347
10045035 17414
10311015 17465
10465455 17520
10444005 17531
10285275 17568
10353915 17588
10469745 17593
10323885 17595
10465455 17600
10358205 17669
10113675 17693
10285275 17730
10083645 17736
10238085 17762
10405395 17770
10186605 17788
10199475 17832
10049325 17881
10075065 17903
10036455 17908
10246665 17949
10259535 17962
10409685 17968
10229505 17969
10087935 17984
10182315 18006
10461165 18011
10259535 18058
10117965 18062
10388235 18122
10190895 18125
10371075 18149
10070775 18175
10169445 18217
10023585 18224
10190895 18241
10182315 18244
10272405 18259
10113675 18284
10405395 18334
10435425 18387
10280985 18392
10139415 18398
10242375 18428
10246665 18444
10250955 18479
10302435 18480
10027875 18492
10405395 18503
10435425 18546
10323885 18547
10311015 18568
10143705 18575
10049325 18596
10100805 18647
10109385 18672
10366785 18711
10255245 18718
10027875 18729
10079355 18736
10439715 18736
10212345 18761
10238085 18786
10332465 18787
10075065 18799
10379655 18809
10040745 18875
10092225 18876
10126545 18952
10130835 18971
10032165 19027
10083645 19028
10186605 19116
10238085 19118
10285275 19191
10409685 19236
10375365 19262
10203765 19287
10315305 19292
10383945 19339
10379655 19351
10092225 19369
10083645 19384
10349625 19479
10345335 19510
10431135 19538
10109385 19554
10302435 19580
10165155 19594
10165155 19619
10431135 19625
10456875 19642
10319595 19653
10362495 19678
10285275 19713
10182315 19789
10079355 19801
10079355 19816
10147995 19847
10276695 19882
10225215 19893
10285275 19897
10250955 19924
10087935 19941
10272405 19957
10405395 19970
10105095 19998
10362495 20043
10139415 20082
10413975 20135
10122255 20137
10113675 20140
10053615 20165
10109385 20224
10323885 20301
10049325 20321
10208055 20370
10315305 20372
10306725 20383
10242375 20392
10079355 20396
10238085 20399
10336755 20427
10366785 20455
10040745 20476
10392525 20476
10062195 20478
10109385 20499
10156575 20505
10203765 20528
10444005 20533
10349625 20542
10448295 20543
10062195 20591
10439715 20593
10143705 20595
10182315 20606
10199475 20688
10216635 20700
10328175 20700
10105095 20720
10053615 20736
10259535 20738
10306725 20758
10182315 20786
10135125 20794
10341045 20836
10293855 20877
10045035 20990
10019295 21002
10444005 21042
10195185 21052
10070775 21074
10023585 21083
10469745 21117
10435425 21143
10422555 21156
10152285 21172
10375365 21179
10435425 21188
10362495 21347
10173735 21351
10122255 21407
10083645 21420
10087935 21461
10311015 21487
10353915 21506
10285275 21510
10298145 21536
10242375 21579
10396815 21592
10319595 21613
10328175 21626
10371075 21652
10259535 21669
10045035 21684
10075065 21704
10075065 21749
10349625 21759
10311015 21782
10023585 21823
10371075 21827
10246665 21886
10332465 21911
10100805 21919
10418265 21938
10375365 21941
10066485 21942
10045035 21950
10289565 21954
10469745 21960
10465455 21978
10169445 22036
10057905 22056
10280985 22064
10315305 22077
10113675 22086
10315305 22103
10135125 22265
10383945 22277
10173735 22316
10341045 22396
10465455 22421
10019295 22531
10053615 22540
10160865 22562
10353915 22591
10079355 22658
10349625 22660
10019295 22696
10216635 22696
10242375 22702
10392525 22746
10083645 22759
10040745 22780
10109385 22859
10426845 22869
10452585 22901
10087935 22911
10122255 22912
10203765 22947
10203765 22962
10422555 22993
10023585 22995
10126545 23025
10053615 23032
10319595 23070
10032165 23127
10259535 23147
10169445 23148
10444005 23209
10182315 23234
10139415 23296
10233795 23303
10362495 23304
10233795 23365
10117965 23429
10328175 23475
10045035 23478
10375365 23483
10358205 23508
10225215 23567
10199475 23606
10323885 23620
10139415 23641
10289565 23692
10448295 23721
10160865 23729
10225215 23777
10190895 23780
10461165 23794
10203765 23822
10032165 23850
10057905 23850
10109385 23880
10353915 23898
10143705 23916
10332465 24022
10199475 24035
10246665 24078
10070775 24080
10032165 24160
10139415 24160
10225215 24161
10353915 24194
10250955 24239
10388235 24273
10045035 24303
10332465 24330
10392525 24396
10152285 24440
10319595 24460
10358205 24483
10413975 24550
10032165 24576
10117965 24579
10323885 24736
10057905 24753
10190895 24772
10045035 24784
10302435 24810
10469745 24815
10452585 24873
10203765 24886
10203765 24928
10353915 24933
10263825 24941
