500000000:M:1:2:258
10049325 27005
10152285 27011
10263825 27064
10032165 27108
10323885 27115
10452585 27117
10087935 27143
10444005 27153
10259535 27155
10358205 27170
10263825 27219
10383945 27244
10255245 27369
10456875 27445
10435425 27446
10444005 27475
10126545 27478
10049325 27484
10341045 27575
10259535 27612
10062195 27713
10062195 27748
10332465 27861
10345335 27867
10306725 27888
10353915 27896
10143705 27903
10328175 27951
10323885 27952
10280985 27958
