500000000:M:1:2:258
10293855 29055
10053615 29056
10332465 29122
10332465 29145
10242375 29227
10409685 29234
10280985 29266
10195185 29307
10336755 29344
10023585 29345
10465455 29365
10075065 29391
10130835 29425
10345335 29468
10036455 29478
10070775 29522
10057905 29523
10250955 29525
10366785 29527
10087935 29531
10216635 29560
10242375 29590
10178025 29664
10096515 29668
10036455 29673
10225215 29687
10323885 29846
10049325 29868
10422555 29873
10032165 29884
10375365 29905
10431135 29974
